T(K)      0.0e+00        1.0e-04        5.0e-04        1.0e-03        2.5e-03        5.0e-03        1.0e-02        5.0e-02        1.0e-01        
300       2.34806e-216   2.34806e-216   2.34806e-216   2.34806e-216   2.34806e-216   2.34806e-216   2.34806e-216   2.34806e-216   2.34806e-216   
400       1.0608e-162    1.0608e-162    1.0608e-162    1.0608e-162    1.0608e-162    1.0608e-162    1.0608e-162    1.0608e-162    1.0608e-162    
500       5.2093e-132    5.2093e-132    5.2093e-132    5.2093e-132    5.2093e-132    5.2093e-132    5.2093e-132    5.2093e-132    5.2093e-132    
600       1.05133e-106   1.05133e-106   1.05133e-106   1.05133e-106   1.05133e-106   1.05133e-106   1.05133e-106   1.05133e-106   1.05132e-106   
700       1.58039e-88    1.58039e-88    1.58037e-88    1.58036e-88    1.58032e-88    1.58025e-88    1.58012e-88    1.57905e-88    1.57772e-88    
800       5.4093e-75     5.40862e-75    5.40589e-75    5.40248e-75    5.39227e-75    5.37533e-75    5.34173e-75    5.08547e-75    4.79433e-75    
900       1.84645e-64    1.84e-64       1.81458e-64    1.78362e-64    1.69585e-64    1.56509e-64    1.35179e-64    6.76012e-65    4.62081e-65    
1000      4.93746e-56    4.70553e-56    3.93717e-56    3.24721e-56    2.14053e-56    1.44137e-56    9.225e-57      3.34543e-57    2.57776e-57    
1100      3.03562e-29    3.03562e-29    3.03562e-29    3.03562e-29    3.03562e-29    3.03562e-29    3.03562e-29    3.03562e-29    3.03562e-29    
1200      7.87826e-26    7.87826e-26    7.87826e-26    7.87826e-26    7.87826e-26    7.87826e-26    7.87826e-26    7.87826e-26    7.87826e-26    
1300      7.70688e-20    7.70688e-20    7.70688e-20    7.70688e-20    7.70688e-20    7.70688e-20    7.70688e-20    7.70688e-20    7.70688e-20    
1400      2.51873e-17    2.51873e-17    2.51873e-17    2.51873e-17    2.51873e-17    2.51873e-17    2.51873e-17    2.51873e-17    2.51873e-17    
1500      3.79082e-15    3.79082e-15    3.79082e-15    3.79082e-15    3.79082e-15    3.79082e-15    3.79082e-15    3.79082e-15    3.79082e-15    
1600      3.01407e-13    3.01407e-13    3.01407e-13    3.01407e-13    3.01407e-13    3.01407e-13    3.01407e-13    3.01407e-13    3.01407e-13    
1700      1.41282e-11    1.41282e-11    1.41282e-11    1.41282e-11    1.41282e-11    1.41282e-11    1.41282e-11    1.41282e-11    1.41282e-11    
1800      4.16051e-10    4.16051e-10    4.16051e-10    4.16051e-10    4.16051e-10    4.16051e-10    4.16051e-10    4.16051e-10    4.16051e-10    
1900      7.88891e-09    7.88891e-09    7.88891e-09    7.88891e-09    7.88891e-09    7.88891e-09    7.88891e-09    7.88891e-09    7.88891e-09    
2000      1.00082e-07    1.00082e-07    1.00082e-07    1.00082e-07    1.00082e-07    1.00082e-07    1.00082e-07    1.00082e-07    1.00082e-07    
2100      9.5271e-07     9.5271e-07     9.5271e-07     9.5271e-07     9.52709e-07    9.52708e-07    9.52705e-07    9.52685e-07    9.52664e-07    
2200      7.76966e-06    7.76959e-06    7.76929e-06    7.76893e-06    7.7679e-06     7.76637e-06    7.7639e-06     7.7562e-06     7.75395e-06    
2300      5.69321e-05    5.69034e-05    5.68027e-05    5.67023e-05    5.65111e-05    5.63653e-05    5.62591e-05    5.61495e-05    5.61349e-05    
2400      0.000370636    0.000366753    0.000358766    0.000355211    0.0003522      0.000350991    0.000350356    0.000349851    0.000349756    
2500      0.00217077     0.0019783      0.00185897     0.00183627     0.00182185     0.00181727     0.00181473     0.00181149     0.00181063     
2600      0.0119059      0.00837017     0.00775766     0.00767728     0.0076281      0.00760652     0.00759105     0.00756789     0.00756132     
2700      0.0618703      0.0277025      0.0256443      0.0253724      0.025148       0.0250299      0.0249385      0.0247962      0.0247585      
2800      0.2904         0.0732359      0.0671596      0.066052       0.0650085      0.0644163      0.0639534      0.0632883      0.063121       
2900      1.17745        0.164925       0.146122       0.14178        0.137482       0.135074       0.133267       0.130806       0.130198       
3000      4.11783        0.343003       0.284593       0.269561       0.254862       0.246852       0.241004       0.233209       0.23131        
3100      12.6651        0.699163       0.52932        0.484227       0.440904       0.417704       0.401068       0.37906        0.373746       
3200      34.9472        1.43203        0.979318       0.858908       0.744423       0.683908       0.640966       0.58429        0.570665       
3300      87.8611        2.93993        1.83119        1.53781        1.2607         1.11569        1.01333        0.878293       0.845875       
3400      203.666        5.96738        3.45102        2.78879        2.16626        1.8429         1.61517        1.31458        1.2424         
3500      439.547        11.8209        6.48189        5.08276        3.77225        3.09498        2.61835        1.98863        1.83735        
3600      890.73         22.6727        11.9978        9.20877        6.60317        5.26088        4.31629        3.06678        2.76652        
3700      1707.96        41.9758        21.7172        16.4348        11.5084        8.97501        7.19166        4.82974        4.26223        
3800      3120.47        75.0271        38.2995        28.7345        19.8232        15.244         12.019         7.74257        6.71564        
3900      5465.89        129.722        65.748         49.0985        33.5937        25.6264        20.0117        12.5589        10.7708        
4000      9228.58        217.546        109.95         81.9561        55.8867        42.4835        33.0319        20.4745        17.465         
4100      15087.8        354.878        179.404        133.751        91.2238        69.3387        53.8955        33.361         28.446         
4200      23976.8        564.654        286.153        213.69         146.154        111.357        86.7849        54.0889        46.2732        
4300      37154.7        878.513        447.046        334.773        230.064        176.039        137.862        87.0291        74.8933        
4400      56290.3        1339.48        685.334        515.112        356.238        274.142        216.083        138.733        120.289        
4500      83561.6        2005.37        1032.75        779.677        543.285        420.939        334.344        218.911        191.419        
4600      121768         2953.04        1532.17        1162.56        817.034        637.91         511.017        341.771        301.51         
4700      174461         4283.75        2241.1         1710           1213.08        955.049        772.084        527.914        469.904        
4800      246084         6129.58        3235.78        2483.89        1779.83        1413.6         1153.65        806.587        724.232        
4900      342137         8662.8         4617.82        3567.82        2583.8         2071.05        1706.68        1220.07        1104.72        
5000      469342         12103.6        6518.76        5070.74        3712.58        3003.56        2499.14        1825.45        1665.87        
5100      635842         16736.1        9112.08        7138.07        5284.93        4315.65        3625.3         2703.44        2485.12        
5200      851397         22922.6        12622.7        9959.93        7457.83        6146.57        5211.78        3963.74        3668.1         
5300      1.1276e+06     31127.1        17345.2        13788          10441.9        8685           7431.7         5758.47        5361.86        
5400      1.47811e+06    41924.3        23645.5        18935.3        14499.4        12166.4        10501.4        8277.87        7750.38        
5500      1.91888e+06    56049.1        32002.2        25815.4        19981.3        16908.8        14715.4        11784.2        11088.3        
5600      2.46842e+06    74421.4        43021.4        34954.4        27337.4        23322.1        20454.7        16618.5        15707.2        
5700      3.14816e+06    98268.6        57546.7        47098.5        37220.6        32010.3        28287.3        23300          22115          
5800      3.98241e+06    128889         76407.3        62958.4        50228.8        43511.8        38707.2        32262.9        30731.9        
5900      4.999e+06      168094         100842         83628.7        67320.2        58711.8        52545.4        44265.4        42298.9        
6000      6.22944e+06    218101         132375         110461         89682.3        78708.4        70833.7        60250.7        57738.2        
6100      7.70906e+06    281511         172764         145003         118666         104744         94734.1        81273.2        78078.9        
6200      9.47747e+06    361632         224300         189296         156077         138493         125823         108778         104735         
6300      1.15785e+07    462269         289567         245621         203913         181796         165823         144332         139235         
6400      1.40607e+07    588222         371902         316951         264813         237105         217047         190054         183651         
6500      1.69782e+07    746015         476082         407632         342720         308141         283049         249267         241248         
6600      2.03873e+07    940733         605124         520163         439657         396671         365396         323261         313247         
6700      2.4352e+07     1.18149e+06    765698         660598         561118         507884         469044         416660         404184         
6800      2.89392e+07    1.47688e+06    963522         833930         711432         645759         597699         532773         517261         
6900      3.42221e+07    1.83877e+06    1.20712e+06    1.04783e+06    897488         816774         757526         677294         658042         
7000      4.02772e+07    2.27932e+06    1.50474e+06    1.30955e+06    1.12564e+06    1.02681e+06    954044         855189         831332         
7100      4.71883e+07    2.81589e+06    1.86927e+06    1.63081e+06    1.40656e+06    1.28599e+06    1.19695e+06    1.0755e+06     1.04597e+06    
7200      5.50362e+07    3.4606e+06     2.30766e+06    2.01724e+06    1.74465e+06    1.59808e+06    1.48956e+06    1.34079e+06    1.3043e+06     
7300      6.39106e+07    4.23346e+06    2.83409e+06    2.48147e+06    2.15117e+06    1.97362e+06    1.84187e+06    1.66019e+06    1.61515e+06    
7400      7.3906e+07     5.15853e+06    3.46597e+06    3.0392e+06     2.64022e+06    2.42588e+06    2.26653e+06    2.04535e+06    1.98983e+06    
7500      8.51132e+07    6.25655e+06    4.21662e+06    3.70178e+06    3.22135e+06    2.96346e+06    2.77148e+06    2.50307e+06    2.43474e+06    
7600      9.76411e+07    7.56719e+06    5.11738e+06    4.49837e+06    3.92171e+06    3.61245e+06    3.38201e+06    3.05726e+06    2.97317e+06    
7700      1.11569e+08    9.10282e+06    6.17148e+06    5.42978e+06    4.73983e+06    4.37021e+06    4.09461e+06    3.70308e+06    3.59984e+06    
7800      1.26995e+08    1.08994e+07    7.40469e+06    6.51912e+06    5.6963e+06     5.25599e+06    4.92759e+06    4.45716e+06    4.33065e+06    
7900      1.44024e+08    1.30001e+07    8.84928e+06    7.79572e+06    6.81767e+06    6.29488e+06    5.90492e+06    5.3416e+06     5.18679e+06    
8000      1.62742e+08    1.544e+07      1.0528e+07     9.2793e+06     8.12058e+06    7.50188e+06    7.04038e+06    6.36793e+06    6.17865e+06    
8100      1.83254e+08    1.8276e+07     1.24852e+07    1.10107e+07    9.64259e+06    8.91284e+06    8.3685e+06     7.5685e+06     7.33741e+06    
8200      2.05613e+08    2.15246e+07    1.47233e+07    1.29889e+07    1.13791e+07    1.05212e+07    9.88135e+06    8.93318e+06    8.65209e+06    
8300      2.29908e+08    2.5246e+07     1.72879e+07    1.52555e+07    1.33681e+07    1.23629e+07    1.16132e+07    1.04932e+07    1.01521e+07    
8400      2.56194e+08    2.94787e+07    2.0202e+07     1.78297e+07    1.56245e+07    1.44506e+07    1.35751e+07    1.22569e+07    1.18443e+07    
8500      2.84582e+08    3.43295e+07    2.3556e+07     2.07977e+07    1.82303e+07    1.6864e+07     1.58447e+07    1.42969e+07    1.37977e+07    
8600      3.1504e+08     3.97743e+07    2.73092e+07    2.41144e+07    2.11365e+07    1.95514e+07    1.83688e+07    1.65586e+07    1.59579e+07    
8700      3.47626e+08    4.58963e+07    3.15274e+07    2.78413e+07    2.43999e+07    2.25671e+07    2.11993e+07    1.90893e+07    1.83691e+07    
8800      3.82346e+08    5.27409e+07    3.62381e+07    3.20016e+07    2.80392e+07    2.59271e+07    2.43504e+07    2.1899e+07     2.10389e+07    
8900      4.19216e+08    6.03822e+07    4.14977e+07    3.66469e+07    3.21016e+07    2.96758e+07    2.7864e+07     2.50248e+07    2.40013e+07    
9000      4.58281e+08    6.89377e+07    4.74054e+07    4.18723e+07    3.66778e+07    3.39008e+07    3.18249e+07    2.85434e+07    2.73257e+07    
9100      4.99348e+08    7.83067e+07    5.3843e+07     4.75552e+07    4.16409e+07    3.84728e+07    3.61024e+07    3.23252e+07    3.08876e+07    
9200      5.4245e+08     8.86295e+07    6.09326e+07    5.3814e+07     4.71052e+07    4.35035e+07    4.08056e+07    3.64727e+07    3.47833e+07    
9300      5.87506e+08    9.99503e+07    6.87016e+07    6.06721e+07    5.30902e+07    4.90097e+07    4.59487e+07    4.0994e+07     3.90171e+07    
9400      6.3448e+08     1.12374e+08    7.72377e+07    6.82139e+07    5.96765e+07    5.5069e+07     5.16065e+07    4.59529e+07    4.36431e+07    
9500      6.8312e+08     1.25805e+08    8.64288e+07    7.63244e+07    6.67462e+07    6.15625e+07    5.76592e+07    5.12366e+07    4.85591e+07    
9600      7.33355e+08    1.40338e+08    9.63556e+07    8.5082e+07     7.43746e+07    6.85631e+07    6.4177e+07     5.69055e+07    5.38171e+07    
9700      7.85007e+08    1.55976e+08    1.07005e+08    9.4471e+07     8.25439e+07    7.60515e+07    7.11392e+07    6.29364e+07    5.93937e+07    
9800      8.38127e+08    1.72953e+08    1.18597e+08    1.04712e+08    9.14721e+07    8.42433e+07    7.87574e+07    6.95181e+07    6.54543e+07    
9900      8.92217e+08    1.90963e+08    1.30813e+08    1.15483e+08    1.00838e+08    9.2818e+07     8.67138e+07    7.63609e+07    7.17429e+07    
10000     9.47205e+08    2.10122e+08    1.43757e+08    1.26888e+08    1.10744e+08    1.01879e+08    9.51093e+07    8.35521e+07    7.83338e+07    
10100     1.00298e+09    2.30505e+08    1.57491e+08    1.38991e+08    1.21255e+08    1.11487e+08    1.04005e+08    9.1147e+07     8.52772e+07    
10200     1.05929e+09    2.52038e+08    1.71932e+08    1.51709e+08    1.32288e+08    1.21563e+08    1.1332e+08     9.90709e+07    9.25052e+07    
10300     1.11604e+09    2.74794e+08    1.87141e+08    1.65104e+08    1.43909e+08    1.32171e+08    1.23121e+08    1.07383e+08    1.00072e+08    
10400     1.17323e+09    2.9892e+08     2.03255e+08    1.79316e+08    1.56256e+08    1.43449e+08    1.33542e+08    1.16193e+08    1.08061e+08    
10500     1.23036e+09    3.24035e+08    2.19887e+08    1.93959e+08    1.68951e+08    1.55025e+08    1.44219e+08    1.25197e+08    1.16231e+08    
10600     1.28745e+09    3.50251e+08    2.37139e+08    2.0914e+08     1.82102e+08    1.67007e+08    1.55259e+08    1.34482e+08    1.24651e+08    
10700     1.34452e+09    3.77654e+08    2.55091e+08    2.2494e+08     1.95795e+08    1.79481e+08    1.66749e+08    1.44131e+08    1.33397e+08    
10800     1.40141e+09    4.06112e+08    2.73605e+08    2.41226e+08    2.09899e+08    1.9232e+08     1.78565e+08    1.54038e+08    1.42381e+08    
10900     1.45828e+09    4.35766e+08    2.92816e+08    2.58135e+08    2.24555e+08    2.05666e+08    1.9085e+08     1.64332e+08    1.51717e+08    
11000     1.51529e+09    4.66725e+08    3.12832e+08    2.75776e+08    2.39875e+08    2.19632e+08    2.03711e+08    1.75095e+08    1.6146e+08     
11100     1.57214e+09    4.98592e+08    3.33253e+08    2.93755e+08    2.5547e+08     2.33836e+08    2.16783e+08    1.86048e+08    1.71418e+08    
11200     1.62905e+09    5.3144e+08     3.54157e+08    3.12146e+08    2.71418e+08    2.48356e+08    2.30141e+08    1.97249e+08    1.81632e+08    
11300     1.68635e+09    5.65394e+08    3.75669e+08    3.31075e+08    2.87847e+08    2.63322e+08    2.43913e+08    2.08815e+08    1.92206e+08    
11400     1.74435e+09    6.00557e+08    3.97905e+08    3.50653e+08    3.04866e+08    2.78845e+08    2.58211e+08    2.20852e+08    2.03236e+08    
11500     1.80321e+09    6.36799e+08    4.20743e+08    3.70752e+08    3.22352e+08    2.94802e+08    2.72914e+08    2.33261e+08    2.14648e+08    
11600     1.86333e+09    6.74209e+08    4.44293e+08    3.91472e+08    3.40403e+08    3.11291e+08    2.88121e+08    2.46129e+08    2.26517e+08    
11700     1.92509e+09    7.12832e+08    4.68618e+08    4.12867e+08    3.59073e+08    3.28368e+08    3.03886e+08    2.59528e+08    2.3893e+08     
11800     1.98903e+09    7.52837e+08    4.93917e+08    4.35119e+08    3.78539e+08    3.46207e+08    3.20382e+08    2.73604e+08    2.5201e+08     
11900     2.05583e+09    7.94502e+08    5.20498e+08    4.5852e+08     3.99086e+08    3.65087e+08    3.37876e+08    2.88564e+08    2.65903e+08    
12000     2.12524e+09    8.37174e+08    5.47747e+08    4.82441e+08    4.20088e+08    3.84389e+08    3.55772e+08    3.03963e+08    2.8032e+08     
12100     2.1982e+09     8.81355e+08    5.76207e+08    5.07406e+08    4.42053e+08    4.04614e+08    3.74555e+08    3.20194e+08    2.95565e+08    
12200     2.2753e+09     9.27232e+08    6.06109e+08    5.33629e+08    4.65187e+08    4.25963e+08    3.9442e+08     3.37436e+08    3.11799e+08    
12300     2.35687e+09    9.74686e+08    6.37391e+08    5.61031e+08    4.89398e+08    4.48342e+08    4.15273e+08    3.55611e+08    3.28968e+08    
12400     2.44356e+09    1.02394e+09    6.70324e+08    5.89871e+08    5.14927e+08    4.71988e+08    4.37345e+08    3.74923e+08    3.47255e+08    
12500     2.53584e+09    1.07505e+09    7.05026e+08    6.20254e+08    5.41864e+08    4.96984e+08    4.60716e+08    3.9545e+08     3.66742e+08    
12600     2.63426e+09    1.12815e+09    7.41691e+08    6.52366e+08    5.70376e+08    5.23492e+08    4.85541e+08    4.17328e+08    3.87549e+08    
12700     2.73946e+09    1.18351e+09    7.80643e+08    6.86524e+08    6.00756e+08    5.51801e+08    5.121e+08      4.4081e+08     4.09909e+08    
12800     2.85161e+09    1.24093e+09    8.21732e+08    7.22578e+08    6.32836e+08    5.81738e+08    5.40221e+08    4.65742e+08    4.33697e+08    
12900     2.97131e+09    1.30067e+09    8.65276e+08    7.60842e+08    6.66907e+08    6.13587e+08    5.70179e+08    4.92373e+08    4.5914e+08     
13000     3.09892e+09    1.36279e+09    9.11363e+08    8.01407e+08    7.03042e+08    6.47415e+08    6.0204e+08     5.20771e+08    4.86312e+08    
13100     3.23501e+09    1.4276e+09     9.60348e+08    8.4463e+08     7.41575e+08    6.83546e+08    6.36114e+08    5.5119e+08     5.15431e+08    
13200     3.38003e+09    1.49529e+09    1.01245e+09    8.90729e+08    7.82708e+08    7.22172e+08    6.7259e+08     5.83809e+08    5.46663e+08    
13300     3.53403e+09    1.56574e+09    1.06754e+09    9.39593e+08    8.26316e+08    7.63163e+08    7.11339e+08    6.18519e+08    5.79933e+08    
13400     3.69789e+09    1.63965e+09    1.12635e+09    9.91939e+08    8.73098e+08    8.07199e+08    7.5302e+08     6.55856e+08    6.15661e+08    
13500     3.87109e+09    1.71641e+09    1.18824e+09    1.04715e+09    9.22437e+08    8.53664e+08    7.97037e+08    6.95382e+08    6.53572e+08    
13600     4.05423e+09    1.79653e+09    1.2537e+09     1.10571e+09    9.74811e+08    9.03021e+08    8.4384e+08     7.37463e+08    6.93954e+08    
13700     4.24773e+09    1.88038e+09    1.32309e+09    1.168e+09      1.03058e+09    9.55613e+08    8.93763e+08    7.82382e+08    7.37048e+08    
13800     4.45144e+09    1.96783e+09    1.39623e+09    1.23383e+09    1.08957e+09    1.01126e+09    9.46632e+08    8.30001e+08    7.82758e+08    
13900     4.66569e+09    2.05925e+09    1.47344e+09    1.30353e+09    1.15211e+09    1.07028e+09    1.00275e+09    8.80581e+08    8.31311e+08    
14000     4.89071e+09    2.15493e+09    1.55496e+09    1.37737e+09    1.21847e+09    1.13292e+09    1.06236e+09    9.34344e+08    8.82904e+08    
14100     5.12622e+09    2.25474e+09    1.6406e+09     1.45515e+09    1.28844e+09    1.19899e+09    1.12528e+09    9.91139e+08    9.37433e+08    
14200     5.37244e+09    2.35902e+09    1.73063e+09    1.53717e+09    1.36234e+09    1.26877e+09    1.19178e+09    1.05121e+09    9.95107e+08    
14300     5.6294e+09     2.46799e+09    1.8252e+09     1.62359e+09    1.44034e+09    1.34243e+09    1.26203e+09    1.1147e+09     1.05605e+09    
14400     5.89715e+09    2.58192e+09    1.92452e+09    1.71463e+09    1.52266e+09    1.4202e+09     1.33624e+09    1.1818e+09     1.12045e+09    
14500     6.17577e+09    2.70114e+09    2.0288e+09     1.81053e+09    1.60955e+09    1.50231e+09    1.41464e+09    1.25269e+09    1.18841e+09    
14600     6.46427e+09    2.82493e+09    2.13727e+09    1.91054e+09    1.70027e+09    1.58805e+09    1.49654e+09    1.32687e+09    1.25962e+09    
14700     6.76332e+09    2.95426e+09    2.25082e+09    2.01556e+09    1.79574e+09    1.67832e+09    1.5828e+09     1.40505e+09    1.33464e+09    
14800     7.07236e+09    3.08892e+09    2.36913e+09    2.12529e+09    1.89568e+09    1.77284e+09    1.67318e+09    1.48704e+09    1.41335e+09    
14900     7.39106e+09    3.22892e+09    2.49214e+09    2.23971e+09    2.00006e+09    1.8716e+09     1.76763e+09    1.57279e+09    1.49567e+09    
15000     7.7196e+09     3.37481e+09    2.62032e+09    2.35928e+09    2.10938e+09    1.97509e+09    1.86666e+09    1.66276e+09    1.582e+09      
15100     8.05712e+09    3.52612e+09    2.75312e+09    2.48347e+09    2.22312e+09    2.08282e+09    1.96977e+09    1.75655e+09    1.67205e+09    
15200     8.40359e+09    3.68322e+09    2.89084e+09    2.61259e+09    2.34161e+09    2.19512e+09    2.0773e+09     1.85448e+09    1.76607e+09    
15300     8.75894e+09    3.84646e+09    3.03374e+09    2.74691e+09    2.46514e+09    2.31228e+09    2.18954e+09    1.95678e+09    1.86426e+09    
15400     9.12265e+09    4.01575e+09    3.18168e+09    2.88627e+09    2.59357e+09    2.43419e+09    2.30637e+09    2.06337e+09    1.96653e+09    
15500     9.49381e+09    4.19057e+09    3.33408e+09    3.03011e+09    2.72638e+09    2.56032e+09    2.42731e+09    2.17392e+09    2.07273e+09    
15600     9.87282e+09    4.37175e+09    3.4917e+09     3.17917e+09    2.86432e+09    2.69146e+09    2.55311e+09    2.28905e+09    2.1833e+09     
15700     1.02586e+10    4.55859e+09    3.65381e+09    3.3327e+09     3.00667e+09    2.82689e+09    2.68308e+09    2.40823e+09    2.29786e+09    
15800     1.06511e+10    4.75149e+09    3.82074e+09    3.49104e+09    3.15379e+09    2.96698e+09    2.81761e+09    2.5318e+09     2.41668e+09    
15900     1.10499e+10    4.95048e+09    3.99249e+09    3.65414e+09    3.30566e+09    3.11172e+09    2.9567e+09     2.65977e+09    2.53979e+09    
16000     1.14552e+10    5.1559e+09     4.16936e+09    3.82231e+09    3.46259e+09    3.26145e+09    3.10066e+09    2.79246e+09    2.66746e+09    
16100     1.18657e+10    5.36696e+09    4.35053e+09    3.99469e+09    3.62374e+09    3.41534e+09    3.24873e+09    2.92923e+09    2.79919e+09    
16200     1.22816e+10    5.58408e+09    4.5364e+09     4.17166e+09    3.78953e+09    3.57381e+09    3.40131e+09    3.07045e+09    2.93531e+09    
16300     1.27025e+10    5.80726e+09    4.72693e+09    4.35317e+09    3.95988e+09    3.73681e+09    3.55836e+09    3.21613e+09    3.07584e+09    
16400     1.31294e+10    6.03752e+09    4.92313e+09    4.54019e+09    4.13578e+09    3.90532e+09    3.72085e+09    3.367e+09      3.22129e+09    
16500     1.35599e+10    6.27283e+09    5.12293e+09    4.73065e+09    4.31517e+09    4.07732e+09    3.88684e+09    3.52166e+09    3.37076e+09    
16600     1.39949e+10    6.51418e+09    5.32733e+09    4.92549e+09    4.49899e+09    4.25377e+09    4.05725e+09    3.68082e+09    3.52474e+09    
16700     1.44348e+10    6.76195e+09    5.53665e+09    5.12504e+09    4.68755e+09    4.43498e+09    4.2324e+09     3.84481e+09    3.68356e+09    
16800     1.48791e+10    7.01595e+09    5.75071e+09    5.32908e+09    4.88061e+09    4.62072e+09    4.41208e+09    4.01337e+09    3.84694e+09    
16900     1.53276e+10    7.27576e+09    5.96905e+09    5.53712e+09    5.07769e+09    4.81054e+09    4.59584e+09    4.18626e+09    4.0148e+09     
17000     1.57806e+10    7.54172e+09    6.19197e+09    5.74946e+09    5.27907e+09    5.0047e+09     4.78398e+09    4.3637e+09     4.18732e+09    
17100     1.62383e+10    7.814e+09      6.4196e+09     5.9662e+09     5.48482e+09    5.2033e+09     4.97656e+09    4.54577e+09    4.3646e+09     
17200     1.67009e+10    8.09265e+09    6.65197e+09    6.18734e+09    5.69493e+09    5.40632e+09    5.1736e+09     4.7325e+09     4.54667e+09    
17300     1.71687e+10    8.37772e+09    6.88907e+09    6.41287e+09    5.90935e+09    5.61372e+09    5.37504e+09    4.92388e+09    4.73356e+09    
17400     1.7642e+10     8.6694e+09     7.13105e+09    6.64291e+09    6.12818e+09    5.8256e+09     5.58101e+09    5.12e+09       4.92537e+09    
17500     1.81218e+10    8.96834e+09    7.37849e+09    6.878e+09      6.35194e+09    6.04247e+09    5.79198e+09    5.32126e+09    5.1224e+09     
17600     1.86076e+10    9.27383e+09    7.63061e+09    7.11738e+09    6.57984e+09    6.26355e+09    6.00721e+09    5.52706e+09    5.32425e+09    
17700     1.91002e+10    9.58633e+09    7.88781e+09    7.3614e+09     6.81221e+09    6.48914e+09    6.22699e+09    5.73767e+09    5.53114e+09    
17800     1.96002e+10    9.9061e+09     8.15028e+09    7.61025e+09    7.04919e+09    6.71938e+09    6.45146e+09    5.95318e+09    5.74316e+09    
17900     2.01081e+10    1.02333e+10    8.41811e+09    7.86399e+09    7.29083e+09    6.95431e+09    6.68066e+09    6.17363e+09    5.96034e+09    
18000     2.06247e+10    1.05683e+10    8.69157e+09    8.12287e+09    7.53735e+09    7.19413e+09    6.91478e+09    6.39919e+09    6.18285e+09    
18100     2.11502e+10    1.0911e+10     8.97049e+09    8.38671e+09    7.78853e+09    7.43861e+09    7.15358e+09    6.62963e+09    6.41047e+09    
18200     2.16855e+10    1.12618e+10    9.25513e+09    8.65573e+09    8.04458e+09    7.68792e+09    7.39724e+09    6.86509e+09    6.64335e+09    
18300     2.22312e+10    1.16208e+10    9.54558e+09    8.93003e+09    8.30555e+09    7.94211e+09    7.64579e+09    7.10558e+09    6.88147e+09    
18400     2.27877e+10    1.19882e+10    9.84195e+09    9.20969e+09    8.5715e+09     8.2012e+09     7.89924e+09    7.35111e+09    7.12485e+09    
18500     2.33558e+10    1.23642e+10    1.01443e+10    9.49476e+09    8.84244e+09    8.46519e+09    8.1576e+09     7.60165e+09    7.37343e+09    
18600     2.3936e+10     1.27489e+10    1.04528e+10    9.78531e+09    9.11842e+09    8.73409e+09    8.42086e+09    7.85717e+09    7.62719e+09    
18700     2.45285e+10    1.31423e+10    1.07671e+10    1.00811e+10    9.39919e+09    9.00765e+09    8.68875e+09    8.11741e+09    7.88584e+09    
18800     2.51343e+10    1.35448e+10    1.10878e+10    1.03827e+10    9.68517e+09    9.28625e+09    8.96165e+09    8.38268e+09    8.14968e+09    
18900     2.57537e+10    1.39563e+10    1.14147e+10    1.06897e+10    9.97612e+09    9.56961e+09    9.23927e+09    8.6527e+09     8.4184e+09     
19000     2.63869e+10    1.43769e+10    1.17477e+10    1.10023e+10    1.02719e+10    9.85763e+09    9.5215e+09     8.92733e+09    8.69185e+09    
19100     2.70344e+10    1.48064e+10    1.20866e+10    1.13201e+10    1.05724e+10    1.01501e+10    9.80808e+09    9.20633e+09    8.96979e+09    
19200     2.7696e+10     1.52445e+10    1.24313e+10    1.16428e+10    1.08772e+10    1.04466e+10    1.00986e+10    9.48931e+09    9.25186e+09    
19300     2.83728e+10    1.5692e+10     1.27823e+10    1.19711e+10    1.11869e+10    1.07476e+10    1.03937e+10    9.77665e+09    9.53825e+09    
19400     2.90646e+10    1.61483e+10    1.3139e+10     1.23044e+10    1.15009e+10    1.10527e+10    1.06926e+10    1.00678e+10    9.82847e+09    
19500     2.97713e+10    1.66131e+10    1.35013e+10    1.26425e+10    1.18188e+10    1.13614e+10    1.0995e+10     1.03623e+10    1.01222e+10    
19600     3.0493e+10     1.70862e+10    1.38688e+10    1.29849e+10    1.21403e+10    1.16734e+10    1.13005e+10    1.06599e+10    1.04189e+10    
19700     3.12296e+10    1.75673e+10    1.42413e+10    1.33315e+10    1.24652e+10    1.19883e+10    1.16089e+10    1.09603e+10    1.07183e+10    
19800     3.19811e+10    1.80561e+10    1.46186e+10    1.36819e+10    1.2793e+10     1.23059e+10    1.19197e+10    1.12629e+10    1.10201e+10    
19900     3.27471e+10    1.85521e+10    1.50001e+10    1.40357e+10    1.31234e+10    1.26255e+10    1.22325e+10    1.15673e+10    1.13236e+10    
20000     3.35271e+10    1.90546e+10    1.53852e+10    1.43921e+10    1.34554e+10    1.29464e+10    1.25463e+10    1.18727e+10    1.1628e+10     
20100     3.43216e+10    1.95637e+10    1.57742e+10    1.47514e+10    1.37893e+10    1.32688e+10    1.28615e+10    1.21792e+10    1.19335e+10    
20200     3.51294e+10    2.00783e+10    1.61658e+10    1.51123e+10    1.41239e+10    1.35915e+10    1.31767e+10    1.24857e+10    1.22389e+10    
20300     3.59505e+10    2.05979e+10    1.65598e+10    1.54746e+10    1.4459e+10     1.39141e+10    1.34917e+10    1.27917e+10    1.25437e+10    
20400     3.67849e+10    2.11225e+10    1.69562e+10    1.58381e+10    1.47943e+10    1.42366e+10    1.38062e+10    1.30971e+10    1.28477e+10    
20500     3.76317e+10    2.16507e+10    1.73538e+10    1.62019e+10    1.51287e+10    1.45577e+10    1.41192e+10    1.34007e+10    1.315e+10      
20600     3.84903e+10    2.2182e+10     1.7752e+10     1.65652e+10    1.54617e+10    1.48769e+10    1.443e+10      1.37019e+10    1.34497e+10    
20700     3.93603e+10    2.27157e+10    1.81502e+10    1.69274e+10    1.57925e+10    1.51935e+10    1.4738e+10     1.4e+10        1.37463e+10    
20800     4.02411e+10    2.32508e+10    1.85478e+10    1.72879e+10    1.61206e+10    1.55068e+10    1.50425e+10    1.42944e+10    1.4039e+10     
20900     4.1131e+10     2.37854e+10    1.89427e+10    1.76447e+10    1.64439e+10    1.58148e+10    1.53415e+10    1.45832e+10    1.43261e+10    
21000     4.20316e+10    2.43208e+10    1.93364e+10    1.79992e+10    1.67638e+10    1.6119e+10     1.56364e+10    1.48675e+10    1.46086e+10    
21100     4.29419e+10    2.48556e+10    1.97277e+10    1.83502e+10    1.70792e+10    1.64182e+10    1.5926e+10     1.51462e+10    1.48853e+10    
21200     4.3861e+10     2.53888e+10    2.01155e+10    1.86968e+10    1.73889e+10    1.67113e+10    1.62092e+10    1.54183e+10    1.51553e+10    
21300     4.47885e+10    2.59193e+10    2.0499e+10     1.9038e+10     1.76923e+10    1.69975e+10    1.64852e+10    1.56829e+10    1.54178e+10    
21400     4.57241e+10    2.64467e+10    2.08777e+10    1.93734e+10    1.79889e+10    1.72764e+10    1.67537e+10    1.59397e+10    1.56723e+10    
21500     4.66676e+10    2.69701e+10    2.1251e+10     1.97025e+10    1.8278e+10     1.75473e+10    1.70139e+10    1.61878e+10    1.59181e+10    
21600     4.76184e+10    2.74886e+10    2.1618e+10     2.00243e+10    1.85588e+10    1.78095e+10    1.72652e+10    1.64267e+10    1.61545e+10    
21700     4.8573e+10     2.79982e+10    2.19746e+10    2.0335e+10     1.88275e+10    1.8059e+10     1.75034e+10    1.66524e+10    1.63778e+10    
21800     4.95377e+10    2.85048e+10    2.23269e+10    2.06403e+10    1.90898e+10    1.83017e+10    1.77345e+10    1.68706e+10    1.65935e+10    
21900     5.05104e+10    2.90056e+10    2.26721e+10    2.09379e+10    1.93433e+10    1.85351e+10    1.7956e+10     1.70788e+10    1.6799e+10     
22000     5.14906e+10    2.94994e+10    2.30093e+10    2.12265e+10    1.95869e+10    1.87582e+10    1.81668e+10    1.7276e+10     1.69935e+10    
22100     5.24785e+10    2.99862e+10    2.33381e+10    2.1506e+10     1.98205e+10    1.89707e+10    1.83668e+10    1.74619e+10    1.71766e+10    
22200     5.3474e+10     3.04651e+10    2.36579e+10    2.17758e+10    2.00435e+10    1.91722e+10    1.85554e+10    1.76362e+10    1.7348e+10     
22300     5.44781e+10    3.09363e+10    2.39689e+10    2.20361e+10    2.02561e+10    1.93627e+10    1.87327e+10    1.77988e+10    1.75077e+10    
22400     5.54909e+10    3.13995e+10    2.42708e+10    2.22866e+10    2.0458e+10     1.95421e+10    1.88985e+10    1.79496e+10    1.76554e+10    
22500     5.65127e+10    3.18542e+10    2.45631e+10    2.25269e+10    2.06489e+10    1.971e+10      1.90524e+10    1.80881e+10    1.77909e+10    
22600     5.75446e+10    3.23008e+10    2.48462e+10    2.27572e+10    2.08291e+10    1.98668e+10    1.91948e+10    1.82148e+10    1.79145e+10    
22700     5.85863e+10    3.27384e+10    2.51192e+10    2.29769e+10    2.09977e+10    2.00115e+10    1.93249e+10    1.83288e+10    1.80253e+10    
22800     5.96406e+10    3.3169e+10     2.53841e+10    2.31879e+10    2.11571e+10    2.01463e+10    1.94447e+10    1.84321e+10    1.81254e+10    
22900     6.07073e+10    3.35917e+10    2.564e+10      2.33893e+10    2.1306e+10     2.02703e+10    1.95532e+10    1.85237e+10    1.82138e+10    
23000     6.17875e+10    3.40071e+10    2.58874e+10    2.35816e+10    2.14452e+10    2.0384e+10     1.96511e+10    1.86044e+10    1.82911e+10    
23100     6.28825e+10    3.44155e+10    2.61266e+10    2.37653e+10    2.1575e+10     2.04878e+10    1.97388e+10    1.86743e+10    1.83576e+10    
23200     6.39923e+10    3.48164e+10    2.63571e+10    2.39397e+10    2.16948e+10    2.05811e+10    1.98155e+10    1.87331e+10    1.84129e+10    
23300     6.51192e+10    3.52112e+10    2.65803e+10    2.41063e+10    2.18061e+10    2.06653e+10    1.98828e+10    1.8782e+10     1.84583e+10    
23400     6.6264e+10     3.56004e+10    2.67965e+10    2.42654e+10    2.19093e+10    2.07408e+10    1.9941e+10     1.88214e+10    1.84941e+10    
23500     6.74278e+10    3.59843e+10    2.7006e+10     2.44173e+10    2.20045e+10    2.08079e+10    1.99903e+10    1.88516e+10    1.85207e+10    
23600     6.8611e+10     3.63626e+10    2.72084e+10    2.45617e+10    2.20915e+10    2.08662e+10    2.00305e+10    1.88722e+10    1.85377e+10    
23700     6.9817e+10     3.67382e+10    2.74065e+10    2.47014e+10    2.2173e+10     2.09185e+10    2.00642e+10    1.8886e+10     1.85477e+10    
23800     7.10458e+10    3.71105e+10    2.75997e+10    2.48357e+10    2.22483e+10    2.09641e+10    2.00909e+10    1.88924e+10    1.85502e+10    
23900     7.22986e+10    3.74802e+10    2.77885e+10    2.49652e+10    2.2318e+10     2.10034e+10    2.0111e+10     1.88917e+10    1.85456e+10    
24000     7.35769e+10    3.78483e+10    2.79739e+10    2.50909e+10    2.23831e+10    2.10376e+10    2.01255e+10    1.88851e+10    1.8535e+10     
24100     7.48818e+10    3.82154e+10    2.81563e+10    2.52131e+10    2.24438e+10    2.1067e+10     2.01348e+10    1.88729e+10    1.85187e+10    
24200     7.62143e+10    3.85822e+10    2.83363e+10    2.53326e+10    2.25009e+10    2.1092e+10     2.01395e+10    1.88556e+10    1.84973e+10    
24300     7.75761e+10    3.895e+10      2.8515e+10     2.54503e+10    2.25553e+10    2.11139e+10    2.01405e+10    1.88343e+10    1.84718e+10    
24400     7.89681e+10    3.93192e+10    2.86929e+10    2.55667e+10    2.26073e+10    2.1133e+10     2.01384e+10    1.88094e+10    1.84426e+10    
24500     8.03897e+10    3.96891e+10    2.88688e+10    2.56808e+10    2.26561e+10    2.11482e+10    2.0132e+10     1.878e+10      1.84089e+10    
24600     8.18453e+10    4.00639e+10    2.9047e+10     2.57967e+10    2.27056e+10    2.11635e+10    2.01254e+10    1.87498e+10    1.83742e+10    
24700     8.33343e+10    4.04426e+10    2.92263e+10    2.5913e+10     2.27545e+10    2.11778e+10    2.01173e+10    1.87178e+10    1.83377e+10    
24800     8.48513e+10    4.08198e+10    2.9401e+10     2.60244e+10    2.27973e+10    2.11855e+10    2.01023e+10    1.86785e+10    1.8294e+10     
24900     8.641e+10      4.12091e+10    2.95846e+10    2.6144e+10     2.28473e+10    2.11998e+10    2.00935e+10    1.8645e+10     1.82557e+10    
25000     8.80049e+10    4.16048e+10    2.97713e+10    2.6266e+10     2.28985e+10    2.12148e+10    2.00851e+10    1.86114e+10    1.82173e+10    
25100     8.96369e+10    4.2008e+10     2.99618e+10    2.63912e+10    2.29518e+10    2.12314e+10    2.00779e+10    1.85785e+10    1.81795e+10    
25200     9.13066e+10    4.24193e+10    3.01566e+10    2.65199e+10    2.30076e+10    2.12499e+10    2.00722e+10    1.85467e+10    1.81428e+10    
25300     9.30149e+10    4.28396e+10    3.03564e+10    2.66527e+10    2.30664e+10    2.12709e+10    2.00687e+10    1.85168e+10    1.81077e+10    
25400     9.47607e+10    4.32681e+10    3.05601e+10    2.67887e+10    2.31272e+10    2.12934e+10    2.00662e+10    1.84875e+10    1.80733e+10    
25500     9.65476e+10    4.37083e+10    3.07711e+10    2.6931e+10     2.31933e+10    2.13206e+10    2.00682e+10    1.84622e+10    1.80427e+10    
25600     9.83745e+10    4.41596e+10    3.09884e+10    2.70786e+10    2.32637e+10    2.13515e+10    2.00736e+10    1.84399e+10    1.80149e+10    
25700     1.00242e+11    4.46233e+10    3.1213e+10     2.72325e+10    2.33394e+10    2.13872e+10    2.00833e+10    1.84214e+10    1.79909e+10    
25800     1.02151e+11    4.50996e+10    3.1445e+10     2.73927e+10    2.34204e+10    2.14275e+10    2.00974e+10    1.84069e+10    1.79708e+10    
25900     1.04101e+11    4.55889e+10    3.16845e+10    2.75593e+10    2.35069e+10    2.14728e+10    2.0116e+10     1.83966e+10    1.79547e+10    
26000     1.06093e+11    4.60924e+10    3.19325e+10    2.77332e+10    2.35997e+10    2.15237e+10    2.01401e+10    1.83912e+10    1.79434e+10    
26100     1.08127e+11    4.66104e+10    3.21889e+10    2.79141e+10    2.36988e+10    2.15804e+10    2.01695e+10    1.83908e+10    1.79369e+10    
26200     1.10202e+11    4.71435e+10    3.2454e+10     2.81027e+10    2.38046e+10    2.16432e+10    2.02047e+10    1.83957e+10    1.79357e+10    
26300     1.12319e+11    4.76927e+10    3.27285e+10    2.82992e+10    2.39177e+10    2.17126e+10    2.02463e+10    1.84065e+10    1.79402e+10    
26400     1.14477e+11    4.82569e+10    3.30112e+10    2.85027e+10    2.40369e+10    2.17875e+10    2.02931e+10    1.84221e+10    1.79494e+10    
26500     1.16678e+11    4.88392e+10    3.33047e+10    2.87156e+10    2.41648e+10    2.18706e+10    2.03478e+10    1.84451e+10    1.79658e+10    
26600     1.1892e+11     4.94387e+10    3.36079e+10    2.89371e+10    2.43005e+10    2.19609e+10    2.04094e+10    1.84745e+10    1.79885e+10    
26700     1.21204e+11    5.00565e+10    3.39215e+10    2.91675e+10    2.44446e+10    2.20589e+10    2.04784e+10    1.85109e+10    1.80181e+10    
26800     1.23529e+11    5.06924e+10    3.42453e+10    2.9407e+10     2.45968e+10    2.21647e+10    2.0555e+10     1.85543e+10    1.80545e+10    
26900     1.25895e+11    5.13472e+10    3.45796e+10    2.96555e+10    2.47576e+10    2.22785e+10    2.06392e+10    1.86049e+10    1.80979e+10    
27000     1.283e+11      5.20209e+10    3.4924e+10     2.99131e+10    2.49267e+10    2.24001e+10    2.0731e+10     1.86626e+10    1.81484e+10    
27100     1.30746e+11    5.27144e+10    3.52794e+10    3.01804e+10    2.51048e+10    2.25304e+10    2.08311e+10    1.87282e+10    1.82064e+10    
27200     1.33231e+11    5.34278e+10    3.56454e+10    3.04571e+10    2.52919e+10    2.26692e+10    2.09394e+10    1.88014e+10    1.8272e+10     
27300     1.35754e+11    5.41614e+10    3.60221e+10    3.07434e+10    2.54877e+10    2.28165e+10    2.10559e+10    1.88823e+10    1.83452e+10    
27400     1.38315e+11    5.49156e+10    3.64096e+10    3.10395e+10    2.56928e+10    2.29728e+10    2.1181e+10     1.89713e+10    1.84263e+10    
27500     1.40913e+11    5.56902e+10    3.68076e+10    3.1345e+10     2.59067e+10    2.31376e+10    2.13144e+10    1.90681e+10    1.8515e+10     
27600     1.43546e+11    5.6485e+10     3.72155e+10    3.16594e+10    2.61288e+10    2.33105e+10    2.14556e+10    1.91721e+10    1.86109e+10    
27700     1.46215e+11    5.73024e+10    3.76356e+10    3.19849e+10    2.63616e+10    2.34938e+10    2.16068e+10    1.92857e+10    1.87161e+10    
27800     1.48919e+11    5.81412e+10    3.80664e+10    3.23202e+10    2.66037e+10    2.36864e+10    2.1767e+10     1.94077e+10    1.88296e+10    
27900     1.51655e+11    5.90016e+10    3.85079e+10    3.26653e+10    2.68549e+10    2.38881e+10    2.1936e+10     1.95379e+10    1.89511e+10    
28000     1.54424e+11    5.98836e+10    3.89599e+10    3.30201e+10    2.71155e+10    2.40991e+10    2.21139e+10    1.96765e+10    1.90809e+10    
28100     1.57224e+11    6.07879e+10    3.94229e+10    3.3385e+10     2.73857e+10    2.43198e+10    2.23012e+10    1.98239e+10    1.92194e+10    
28200     1.60054e+11    6.17143e+10    3.98967e+10    3.37599e+10    2.76654e+10    2.455e+10      2.24978e+10    1.99801e+10    1.93665e+10    
28300     1.62911e+11    6.26626e+10    4.03808e+10    3.41442e+10    2.79543e+10    2.47895e+10    2.27033e+10    2.01447e+10    1.95218e+10    
28400     1.65796e+11    6.3633e+10     4.08754e+10    3.45383e+10    2.82527e+10    2.50387e+10    2.29181e+10    2.0318e+10     1.96858e+10    
28500     1.68706e+11    6.46257e+10    4.13803e+10    3.49419e+10    2.85604e+10    2.52973e+10    2.31422e+10    2.05e+10       1.98582e+10    
28600     1.71641e+11    6.56401e+10    4.18953e+10    3.53547e+10    2.88772e+10    2.55651e+10    2.33753e+10    2.06905e+10    2.0039e+10     
28700     1.74598e+11    6.6677e+10     4.24205e+10    3.57772e+10    2.92036e+10    2.58427e+10    2.36178e+10    2.08899e+10    2.02285e+10    
28800     1.77565e+11    6.77258e+10    4.29457e+10    3.61989e+10    2.95291e+10    2.61197e+10    2.38597e+10    2.10882e+10    2.04172e+10    
28900     1.80562e+11    6.88064e+10    4.34907e+10    3.66396e+10    2.98737e+10    2.6416e+10     2.41205e+10    2.13048e+10    2.06236e+10    
29000     1.83577e+11    6.99088e+10    4.40453e+10    3.70893e+10    3.02275e+10    2.67216e+10    2.43905e+10    2.153e+10      2.08386e+10    
29100     1.86608e+11    7.1033e+10     4.46094e+10    3.75478e+10    3.05903e+10    2.70365e+10    2.46697e+10    2.17638e+10    2.10621e+10    
29200     1.89653e+11    7.21786e+10    4.51829e+10    3.8015e+10     3.09621e+10    2.73606e+10    2.49581e+10    2.20063e+10    2.1294e+10     
29300     1.9271e+11     7.33458e+10    4.57656e+10    3.84908e+10    3.13428e+10    2.76939e+10    2.52555e+10    2.22573e+10    2.15344e+10    
29400     1.95778e+11    7.45341e+10    4.63574e+10    3.89749e+10    3.17323e+10    2.80363e+10    2.55619e+10    2.25168e+10    2.17831e+10    
29500     1.98852e+11    7.57418e+10    4.69563e+10    3.94657e+10    3.21289e+10    2.8386e+10     2.58758e+10    2.27832e+10    2.20387e+10    
29600     2.01936e+11    7.6972e+10     4.75656e+10    3.99661e+10    3.25359e+10    2.87463e+10    2.62001e+10    2.30597e+10    2.23041e+10    
29700     2.05024e+11    7.82227e+10    4.81834e+10    4.04745e+10    3.29514e+10    2.91154e+10    2.65333e+10    2.33445e+10    2.25778e+10    
29800     2.08116e+11    7.94939e+10    4.88096e+10    4.09907e+10    3.33754e+10    2.94933e+10    2.68753e+10    2.36378e+10    2.28597e+10    
29900     2.11209e+11    8.07852e+10    4.94439e+10    4.15144e+10    3.38077e+10    2.98797e+10    2.7226e+10     2.39392e+10    2.31498e+10    
30000     2.14302e+11    8.20963e+10    5.00861e+10    4.20455e+10    3.42482e+10    3.02746e+10    2.75852e+10    2.42489e+10    2.3448e+10     
