T(K)      0.0e+00        1.0e-04        5.0e-04        1.0e-03        2.5e-03        5.0e-03        1.0e-02        5.0e-02        1.0e-01        
300       3.30405e-218   3.30405e-218   3.30405e-218   3.30405e-218   3.30405e-218   3.30405e-218   3.30405e-218   3.30405e-218   3.30405e-218   
400       7.75941e-165   7.75941e-165   7.75941e-165   7.75941e-165   7.75941e-165   7.75941e-165   7.75941e-165   7.75941e-165   7.75941e-165   
500       4.66839e-131   4.66839e-131   4.66839e-131   4.66839e-131   4.66839e-131   4.66839e-131   4.66839e-131   4.66839e-131   4.66839e-131   
600       8.34852e-107   8.34852e-107   8.34852e-107   8.34852e-107   8.34852e-107   8.34852e-107   8.34852e-107   8.34851e-107   8.3485e-107    
700       1.25587e-88    1.25587e-88    1.25586e-88    1.25585e-88    1.25583e-88    1.25579e-88    1.2557e-88     1.25503e-88    1.25419e-88    
800       4.33112e-75    4.33068e-75    4.32893e-75    4.32674e-75    4.3202e-75     4.30932e-75    4.2877e-75     4.12133e-75    3.92871e-75    
900       1.48562e-64    1.48144e-64    1.46493e-64    1.44472e-64    1.38679e-64    1.29862e-64    1.14924e-64    6.09826e-65    4.20437e-65    
1000      3.98574e-56    3.83347e-56    3.311e-56      2.81276e-56    1.93284e-56    1.3201e-56     8.61254e-57    2.98128e-57    2.24356e-57    
1100      6.00753e-29    6.00753e-29    6.00753e-29    6.00753e-29    6.00753e-29    6.00753e-29    6.00753e-29    6.00753e-29    6.00753e-29    
1200      1.54254e-25    1.54254e-25    1.54254e-25    1.54254e-25    1.54254e-25    1.54254e-25    1.54254e-25    1.54254e-25    1.54254e-25    
1300      1.17907e-22    1.17907e-22    1.17907e-22    1.17907e-22    1.17907e-22    1.17907e-22    1.17907e-22    1.17907e-22    1.17907e-22    
1400      2.42527e-17    2.42527e-17    2.42527e-17    2.42527e-17    2.42527e-17    2.42527e-17    2.42527e-17    2.42527e-17    2.42527e-17    
1500      3.63685e-15    3.63685e-15    3.63685e-15    3.63685e-15    3.63685e-15    3.63685e-15    3.63685e-15    3.63685e-15    3.63685e-15    
1600      2.87945e-13    2.87945e-13    2.87945e-13    2.87945e-13    2.87945e-13    2.87945e-13    2.87945e-13    2.87945e-13    2.87945e-13    
1700      1.34099e-11    1.34099e-11    1.34099e-11    1.34099e-11    1.34099e-11    1.34099e-11    1.34099e-11    1.34099e-11    1.34099e-11    
1800      3.90246e-10    3.90246e-10    3.90246e-10    3.90246e-10    3.90246e-10    3.90246e-10    3.90246e-10    3.90246e-10    3.90246e-10    
1900      7.26807e-09    7.26807e-09    7.26807e-09    7.26807e-09    7.26807e-09    7.26807e-09    7.26807e-09    7.26807e-09    7.26807e-09    
2000      9.22053e-08    9.22053e-08    9.22053e-08    9.22053e-08    9.22053e-08    9.22053e-08    9.22053e-08    9.22053e-08    9.22053e-08    
2100      9.31509e-07    9.31509e-07    9.31509e-07    9.31508e-07    9.31506e-07    9.31502e-07    9.31495e-07    9.31445e-07    9.31397e-07    
2200      8.3146e-06     8.31444e-06    8.31384e-06    8.31311e-06    8.31111e-06    8.30828e-06    8.30403e-06    8.29352e-06    8.291e-06      
2300      6.44154e-05    6.43678e-05    6.42061e-05    6.40547e-05    6.37948e-05    6.36215e-05    6.35052e-05    6.3394e-05     6.33805e-05    
2400      0.000426609    0.000420987    0.000410689    0.000406691    0.000403516    0.000402302    0.000401694    0.00040121     0.000401114    
2500      0.00247951     0.00223474     0.00210551     0.00208269     0.00206878     0.00206443     0.00206196     0.00205873     0.00205785     
2600      0.0132383      0.00916471     0.00855029     0.00847392     0.00842669     0.00840571     0.00839055     0.0083673      0.00836057     
2700      0.0659596      0.0291163      0.0271176      0.0268569      0.0266418      0.0265274      0.0264377      0.0262963      0.0262588      
2800      0.296115       0.0737725      0.0679412      0.0668955      0.0659063      0.0653388      0.0648921      0.064248       0.0640854      
2900      1.15995        0.160488       0.142715       0.138685       0.134668       0.132396       0.130681       0.128342       0.127763       
3000      3.96471        0.325408       0.27124        0.257447       0.243834       0.236354       0.230866       0.223545       0.221764       
3100      12.0099        0.651268       0.496031       0.454881       0.414998       0.393478       0.37798        0.357485       0.352552       
3200      32.7768        1.3165         0.906595       0.797122       0.692234       0.636381       0.596607       0.544166       0.531607       
3300      81.6858        2.67732        1.67977        1.41403        1.16123        1.02796        0.933646       0.809362       0.779637       
3400      187.941        5.39628        3.1435         2.54598        1.98033        1.68437        1.47553        1.2002         1.13433        
3500      402.946        10.6307        5.87165        4.6142         3.42803        2.81057        2.37542        1.80117        1.66365        
3600      811.835        20.2967        10.8191        8.32207        5.97241        4.75324        3.89432        2.75943        2.48748        
3700      1548.87        37.4327        19.5114        14.799         10.3718        8.07867        6.46287        4.32519        3.81282        
3800      2817.78        66.6896        34.3029        25.7977        17.8142        13.6819        10.7689        6.9102         5.98548        
3900      4918.28        114.994        58.7357        43.9732        30.1205        22.9496        17.8911        11.1833        9.57659        
4000      8280.1         192.418        98.0147        73.2545        50.0177        37.9808        29.4836        18.2042        15.5046        
4100      13505.6        313.326        159.648        119.354        81.524         61.9064        48.046         29.6305        25.2268        
4200      21422.1        497.834        254.274        190.432        130.457        99.3131        77.2889        48.0012        41.0044        
4300      33144.9        773.7          396.772        298.005        205.155        156.863        122.678        77.1811        66.3241        
4400      50151.2        1178.7         607.674        458.124        317.415        244.108        192.158        122.962        106.471        
4500      74366.3        1763.67        915.024        692.929        483.782        374.62         297.168        193.934        169.363        
4600      108262         2596.24        1356.73        1032.67        727.217        567.481        453.997        302.664        266.69         
4700      154966         3765.75        1983.71        1518.4         1079.39        849.343        685.679        467.389        415.543        
4800      218387         5388.97        2863.56        2205.17        1583.36        1256.82        1024.21        713.966        640.305        
4900      303344         7618.64        4086.59        3167.41        2298.29        1840.89        1514.77        1079.75        976.443        
5000      415710         10650.7        5769.9         4502.18        3301.98        2669.14        2217.64        1615.09        1471.9         
5100      562570         14739          8068.26        6339.06        4699.79        3834.22        3216.41        2390.93        2194.61        
5200      752371         20208.6        11182.5        8847.19        6630.76        5459.58        4623.07        3503.32        3236.92        
5300      995095         27473.6        15371.5        12245.8        9277.13        7708.16        6586.07        5080.73        4722.74        
5400      1.30243e+06    37067.8        20974.8        16824.9        12883.8        10800.7        9307.82        7300.79        6824.06        
5500      1.68793e+06    49649          28407.2        22938.7        17749.9        15006.2        13034          10378.7        9749.27        
5600      2.16722e+06    66061          38208.6        31053.7        24274.6        20685          18096.2        14608.9        13784.4        
5700      2.75822e+06    87433          51130          41832.3        33036.6        28367.2        24988.7        20440.5        19368.8        
5800      3.48115e+06    114962         67900          55897.9        44554          38510.3        34125.3        28232.6        26849.6        
5900      4.35904e+06    150319         89614.4        74218.9        59663.3        51875.8        46215.1        38628.4        36855          
6000      5.41781e+06    195550         117616         97981.4        79385.8        69394.1        62125.8        52415.8        50154.4        
6100      6.68651e+06    253024         153430         128516         104849         92084          82800.8        70442.1        67571.9        
6200      8.19781e+06    325770         199066         167591         137575         121339         109543         93894.3        90265.6        
6300      9.98822e+06    417411         256934         217316         179378         158822         143905         124185         119613         
6400      1.20983e+07    532092         329733         280017         232236         206334         187559         162818         157075         
6500      1.45744e+07    675864         421790         359578         299621         267139         243614         212695         205501         
6600      1.74655e+07    853341         535689         458043         383099         342559         313214         274713         265725         
6700      2.08281e+07    1.0727e+06     677194         580543         487241         436878         400436         352650         341445         
6800      2.4723e+07     1.34177e+06    851321         731349         615665         553383         508324         449192         435253         
6900      2.92178e+07    1.67114e+06    1.06535e+06    916878         774025         697339         641866         568900         551591         
7000      3.43844e+07    2.07166e+06    1.32629e+06    1.14314e+06    967444         873423         805412         715621         694168         
7100      4.03014e+07    2.55736e+06    1.64376e+06    1.41858e+06    1.20334e+06    1.08853e+06    1.00549e+06    895290         868743         
7200      4.70543e+07    3.14587e+06    2.03029e+06    1.75443e+06    1.49175e+06    1.3521e+06     1.2511e+06     1.11621e+06    1.0834e+06     
7300      5.4726e+07     3.84984e+06    2.49275e+06    2.15604e+06    1.83666e+06    1.66743e+06    1.54505e+06    1.38041e+06    1.33995e+06    
7400      6.34097e+07    4.69012e+06    3.04543e+06    2.63597e+06    2.24906e+06    2.04473e+06    1.89697e+06    1.6966e+06     1.64678e+06    
7500      7.32036e+07    5.69152e+06    3.70574e+06    3.2097e+06     2.74266e+06    2.49678e+06    2.319e+06      2.07588e+06    2.01462e+06    
7600      8.42034e+07    6.87566e+06    4.48699e+06    3.88839e+06    3.32658e+06    3.0317e+06     2.81852e+06    2.52442e+06    2.44926e+06    
7700      9.65229e+07    8.28267e+06    5.42015e+06    4.70055e+06    4.02708e+06    3.67459e+06    3.41976e+06    3.06505e+06    2.97289e+06    
7800      1.10248e+08    9.92562e+06    6.50797e+06    5.6463e+06     4.84174e+06    4.42173e+06    4.11807e+06    3.69171e+06    3.579e+06      
7900      1.25488e+08    1.18434e+07    7.7782e+06     6.75042e+06    5.79254e+06    5.29365e+06    4.93292e+06    4.42211e+06    4.28458e+06    
8000      1.42352e+08    1.4077e+07     9.25939e+06    8.03827e+06    6.90174e+06    6.31099e+06    5.88375e+06    5.27375e+06    5.10626e+06    
8100      1.60945e+08    1.66671e+07    1.09788e+07    9.53356e+06    8.18963e+06    7.49224e+06    6.98765e+06    6.2613e+06     6.05756e+06    
8200      1.8138e+08     1.96678e+07    1.29761e+07    1.12723e+07    9.68866e+06    8.86793e+06    8.27378e+06    7.41176e+06    7.16444e+06    
8300      2.03731e+08    2.30996e+07    1.52562e+07    1.32553e+07    1.13956e+07    1.04326e+07    9.73513e+06    8.71569e+06    8.41664e+06    
8400      2.281e+08      2.70182e+07    1.78579e+07    1.55172e+07    1.33408e+07    1.22144e+07    1.1398e+07     1.01963e+07    9.83578e+06    
8500      2.54589e+08    3.14857e+07    2.08257e+07    1.80977e+07    1.55595e+07    1.42461e+07    1.32933e+07    1.18812e+07    1.14477e+07    
8600      2.83278e+08    3.65541e+07    2.41926e+07    2.1025e+07     1.80754e+07    1.65484e+07    1.54397e+07    1.37855e+07    1.32659e+07    
8700      3.14269e+08    4.23047e+07    2.80201e+07    2.43557e+07    2.09398e+07    1.917e+07      1.78835e+07    1.59506e+07    1.53287e+07    
8800      3.47581e+08    4.87473e+07    3.22973e+07    2.80737e+07    2.41317e+07    2.20867e+07    2.05986e+07    1.8348e+07     1.76073e+07    
8900      3.83295e+08    5.59624e+07    3.70832e+07    3.22324e+07    2.76991e+07    2.53436e+07    2.36271e+07    2.10145e+07    2.01359e+07    
9000      4.21453e+08    6.40051e+07    4.24103e+07    3.68588e+07    3.16636e+07    2.89589e+07    2.6985e+07     2.39615e+07    2.29232e+07    
9100      4.62178e+08    7.30228e+07    4.84028e+07    4.20716e+07    3.6138e+07     3.3042e+07     3.07784e+07    2.72863e+07    2.60598e+07    
9200      5.05367e+08    8.29474e+07    5.49686e+07    4.77731e+07    4.10193e+07    3.74868e+07    3.48989e+07    3.08811e+07    2.94423e+07    
9300      5.51078e+08    9.38828e+07    6.21875e+07    5.40372e+07    4.63756e+07    4.23579e+07    3.94079e+07    3.47982e+07    3.31169e+07    
9400      5.99349e+08    1.05922e+08    7.01273e+07    6.09263e+07    5.22636e+07    4.77087e+07    4.43559e+07    3.90836e+07    3.71269e+07    
9500      6.50171e+08    1.19122e+08    7.88187e+07    6.84657e+07    5.87028e+07    5.35554e+07    4.97561e+07    4.37435e+07    4.14752e+07    
9600      7.03596e+08    1.33605e+08    8.836e+07      7.67479e+07    6.57801e+07    5.99813e+07    5.56879e+07    4.88455e+07    4.62199e+07    
9700      7.59479e+08    1.49305e+08    9.86567e+07    8.56732e+07    7.33907e+07    6.6879e+07     6.20426e+07    5.42857e+07    5.12665e+07    
9800      8.17867e+08    1.66351e+08    1.09811e+08    9.53385e+07    8.1626e+07     7.43367e+07    6.89045e+07    6.01366e+07    5.66786e+07    
9900      8.78684e+08    1.84746e+08    1.218e+08      1.05716e+08    9.04536e+07    8.23189e+07    7.62361e+07    6.63582e+07    6.24174e+07    
10000     9.41998e+08    2.04642e+08    1.34747e+08    1.16925e+08    9.99869e+07    9.09359e+07    8.41442e+07    7.30459e+07    6.85695e+07    
10100     1.00791e+09    2.26211e+08    1.48797e+08    1.29104e+08    1.1036e+08     1.00318e+08    9.27548e+07    8.03067e+07    7.52246e+07    
10200     1.07605e+09    2.49164e+08    1.63633e+08    1.41932e+08    1.21249e+08    1.10141e+08    1.01746e+08    8.78451e+07    8.21217e+07    
10300     1.14665e+09    2.73783e+08    1.79509e+08    1.55659e+08    1.32899e+08    1.20644e+08    1.11351e+08    9.58716e+07    8.94479e+07    
10400     1.21964e+09    3.00051e+08    1.96379e+08    1.70235e+08    1.45255e+08    1.31774e+08    1.21516e+08    1.0433e+08     9.71513e+07    
10500     1.29512e+09    3.281e+08      2.1435e+08     1.85762e+08    1.58417e+08    1.43623e+08    1.3233e+08     1.13302e+08    1.05306e+08    
10600     1.37328e+09    3.5813e+08     2.33592e+08    2.02408e+08    1.72545e+08    1.56349e+08    1.43946e+08    1.2291e+08     1.14008e+08    
10700     1.45384e+09    3.89875e+08    2.53816e+08    2.19877e+08    1.87343e+08    1.69656e+08    1.56072e+08    1.32908e+08    1.23062e+08    
10800     1.53699e+09    4.23487e+08    2.75148e+08    2.38293e+08    2.0293e+08     1.8366e+08     1.68819e+08    1.43384e+08    1.32539e+08    
10900     1.62297e+09    4.59182e+08    2.97783e+08    2.57845e+08    2.19488e+08    1.9854e+08     1.82361e+08    1.54495e+08    1.42576e+08    
11000     1.71179e+09    4.96899e+08    3.2164e+08     2.78447e+08    2.3693e+08     2.14204e+08    1.96606e+08    1.66161e+08    1.53112e+08    
11100     1.80369e+09    5.36814e+08    3.46879e+08    3.00252e+08    2.554e+08      2.30795e+08    2.11693e+08    1.78496e+08    1.64239e+08    
11200     1.89896e+09    5.79124e+08    3.73686e+08    3.23439e+08    2.75073e+08    2.4848e+08     2.27781e+08    1.91628e+08    1.76056e+08    
11300     1.99745e+09    6.23563e+08    4.01789e+08    3.47725e+08    2.95663e+08    2.66977e+08    2.44594e+08    2.05344e+08    1.88419e+08    
11400     2.09938e+09    6.70256e+08    4.3131e+08     3.73224e+08    3.17278e+08    2.86387e+08    2.62227e+08    2.19716e+08    2.0138e+08     
11500     2.20517e+09    7.19482e+08    4.62535e+08    4.00209e+08    3.40185e+08    3.06971e+08    2.80935e+08    2.34968e+08    2.15131e+08    
11600     2.31486e+09    7.71154e+08    4.9539e+08     4.28593e+08    3.64289e+08    3.28633e+08    3.00621e+08    2.51011e+08    2.29604e+08    
11700     2.42871e+09    8.25398e+08    5.30019e+08    4.58506e+08    3.89717e+08    3.51492e+08    3.21399e+08    2.67947e+08    2.44885e+08    
11800     2.5474e+09     8.82761e+08    5.66999e+08    4.90511e+08    4.17019e+08    3.7609e+08     3.43796e+08    2.86214e+08    2.61328e+08    
11900     2.67018e+09    9.42362e+08    6.05487e+08    5.23755e+08    4.45342e+08    4.01581e+08    3.66985e+08    3.05146e+08    2.78436e+08    
12000     2.79785e+09    1.00485e+09    6.46174e+08    5.58915e+08    4.7535e+08     4.28618e+08    3.91603e+08    3.25269e+08    2.96626e+08    
12100     2.93036e+09    1.07006e+09    6.88952e+08    5.95876e+08    5.0692e+08     4.57075e+08    4.17523e+08    3.46474e+08    3.15814e+08    
12200     3.06795e+09    1.13808e+09    7.33976e+08    6.34785e+08    5.40191e+08    4.87089e+08    4.44878e+08    3.68883e+08    3.36114e+08    
12300     3.21106e+09    1.20924e+09    7.81645e+08    6.76038e+08    5.75545e+08    5.19037e+08    4.74037e+08    3.9283e+08     3.57824e+08    
12400     3.35923e+09    1.28295e+09    8.31432e+08    7.19112e+08    6.12451e+08    5.52391e+08    5.04479e+08    4.17844e+08    3.80532e+08    
12500     3.51311e+09    1.35973e+09    8.83949e+08    7.64617e+08    6.51508e+08    5.87743e+08    5.3678e+08     4.44428e+08    4.04674e+08    
12600     3.67286e+09    1.43964e+09    9.39328e+08    8.12695e+08    6.92844e+08    6.25216e+08    5.71058e+08    4.7265e+08     4.30276e+08    
12700     3.83796e+09    1.52205e+09    9.97025e+08    8.62813e+08    7.35925e+08    6.6429e+08     6.06811e+08    5.02162e+08    4.57138e+08    
12800     4.00897e+09    1.60742e+09    1.05757e+09    9.15511e+08    7.81283e+08    7.05486e+08    6.44548e+08    5.33372e+08    4.85572e+08    
12900     4.18575e+09    1.69549e+09    1.12078e+09    9.70634e+08    8.28757e+08    7.48647e+08    6.84114e+08    5.6615e+08     5.15478e+08    
13000     4.36859e+09    1.7865e+09     1.18695e+09    1.02847e+09    8.78637e+08    7.9406e+08     7.25794e+08    6.00746e+08    5.47072e+08    
13100     4.55727e+09    1.88011e+09    1.2558e+09     1.08879e+09    9.30684e+08    8.41489e+08    7.69359e+08    6.36979e+08    5.80223e+08    
13200     4.75201e+09    1.9765e+09     1.32754e+09    1.15179e+09    9.85122e+08    8.91156e+08    8.1503e+08     6.75039e+08    6.15089e+08    
13300     4.95308e+09    2.07586e+09    1.40239e+09    1.21773e+09    1.0422e+09     9.43306e+08    8.63049e+08    7.15136e+08    6.51847e+08    
13400     5.16065e+09    2.17831e+09    1.48048e+09    1.28676e+09    1.10208e+09    9.98096e+08    9.13565e+08    7.57349e+08    6.90524e+08    
13500     5.37402e+09    2.28308e+09    1.56104e+09    1.35814e+09    1.16406e+09    1.05483e+09    9.6592e+08     8.0125e+08     7.30892e+08    
13600     5.59388e+09    2.39086e+09    1.64474e+09    1.43255e+09    1.2288e+09     1.11418e+09    1.02077e+09    8.47349e+08    7.73327e+08    
13700     5.82028e+09    2.50164e+09    1.73155e+09    1.50998e+09    1.29635e+09    1.17617e+09    1.07815e+09    8.95734e+08    8.1796e+08     
13800     6.05281e+09    2.61498e+09    1.82097e+09    1.58998e+09    1.36626e+09    1.24036e+09    1.13762e+09    9.45966e+08    8.64356e+08    
13900     6.29215e+09    2.73154e+09    1.91363e+09    1.67317e+09    1.43917e+09    1.3074e+09     1.19982e+09    9.98609e+08    9.13003e+08    
14000     6.53777e+09    2.8508e+09     2.00893e+09    1.75898e+09    1.51455e+09    1.37677e+09    1.26425e+09    1.05331e+09    9.63671e+08    
14100     6.79006e+09    2.97314e+09    2.10719e+09    1.84775e+09    1.59275e+09    1.44881e+09    1.33125e+09    1.11033e+09    1.01657e+09    
14200     7.04931e+09    3.09885e+09    2.20861e+09    1.93971e+09    1.67402e+09    1.52379e+09    1.40108e+09    1.16991e+09    1.07188e+09    
14300     7.31558e+09    3.22802e+09    2.3132e+09     2.03489e+09    1.75842e+09    1.60174e+09    1.47378e+09    1.23204e+09    1.12957e+09    
14400     7.5882e+09     3.36e+09       2.42023e+09    2.13256e+09    1.84526e+09    1.68203e+09    1.54874e+09    1.29637e+09    1.18951e+09    
14500     7.86776e+09    3.49545e+09    2.53027e+09    2.2333e+09     1.93512e+09    1.76523e+09    1.62652e+09    1.36329e+09    1.25193e+09    
14600     8.15445e+09    3.63459e+09    2.64345e+09    2.33725e+09    2.02817e+09    1.85151e+09    1.70729e+09    1.43299e+09    1.31701e+09    
14700     8.44775e+09    3.777e+09      2.75927e+09    2.44393e+09    2.12394e+09    1.94044e+09    1.79063e+09    1.50514e+09    1.38453e+09    
14800     8.7482e+09     3.92328e+09    2.87825e+09    2.55383e+09    2.22296e+09    2.03254e+09    1.87706e+09    1.58021e+09    1.45488e+09    
14900     9.05569e+09    4.07345e+09    3.00033e+09    2.66691e+09    2.32518e+09    2.12779e+09    1.96654e+09    1.65813e+09    1.52793e+09    
15000     9.36963e+09    4.22703e+09    3.12496e+09    2.7826e+09     2.43007e+09    2.22566e+09    2.0586e+09     1.73858e+09    1.60353e+09    
15100     9.69038e+09    4.38451e+09    3.25256e+09    2.90131e+09    2.53803e+09    2.32657e+09    2.15364e+09    1.8219e+09     1.68194e+09    
15200     1.00178e+10    4.54592e+09    3.38311e+09    3.02301e+09    2.64904e+09    2.43053e+09    2.25167e+09    1.90813e+09    1.76321e+09    
15300     1.0353e+10     4.71244e+09    3.51774e+09    3.14879e+09    2.7642e+09     2.53861e+09    2.35373e+09    1.998e+09      1.84777e+09    
15400     1.06937e+10    4.88198e+09    3.65431e+09    3.27652e+09    2.88138e+09    2.64876e+09    2.45786e+09    2.0902e+09     1.93491e+09    
15500     1.10407e+10    5.05564e+09    3.79388e+09    3.40722e+09    3.00163e+09    2.76199e+09    2.56507e+09    2.18545e+09    2.02505e+09    
15600     1.13941e+10    5.23347e+09    3.93648e+09    3.5409e+09     3.12494e+09    2.87832e+09    2.67536e+09    2.28378e+09    2.11824e+09    
15700     1.17547e+10    5.41653e+09    4.08314e+09    3.67857e+09    3.25231e+09    2.99874e+09    2.78972e+09    2.38608e+09    2.21525e+09    
15800     1.21204e+10    5.60293e+09    4.23196e+09    3.81832e+09    3.38182e+09    3.12137e+09    2.90633e+09    2.49075e+09    2.31472e+09    
15900     1.24919e+10    5.79348e+09    4.38374e+09    3.96093e+09    3.51426e+09    3.24699e+09    3.02595e+09    2.59854e+09    2.41735e+09    
16000     1.28693e+10    5.98833e+09    4.53861e+09    4.10651e+09    3.64972e+09    3.3757e+09     3.1487e+09     2.70954e+09    2.5232e+09     
16100     1.32523e+10    6.18737e+09    4.69651e+09    4.25497e+09    3.7881e+09     3.5074e+09     3.2745e+09     2.82373e+09    2.63229e+09    
16200     1.3641e+10     6.39074e+09    4.85754e+09    4.40643e+09    3.92949e+09    3.64218e+09    3.40344e+09    2.94121e+09    2.74471e+09    
16300     1.40358e+10    6.59896e+09    5.02225e+09    4.56139e+09    4.07438e+09    3.78053e+09    3.53601e+09    3.06232e+09    2.86069e+09    
16400     1.44357e+10    6.81099e+09    5.18958e+09    4.71881e+09    4.22173e+09    3.92143e+09    3.67121e+09    3.1864e+09     2.97984e+09    
16500     1.48412e+10    7.0274e+09     5.36013e+09    4.87926e+09    4.37208e+09    4.0654e+09     3.80957e+09    3.31385e+09    3.10246e+09    
16600     1.52523e+10    7.24816e+09    5.53384e+09    5.04268e+09    4.52535e+09    4.21237e+09    3.95103e+09    3.44464e+09    3.22852e+09    
16700     1.56692e+10    7.47333e+09    5.71078e+09    5.20913e+09    4.68159e+09    4.36237e+09    4.09561e+09    3.5788e+09     3.3581e+09     
16800     1.60919e+10    7.703e+09      5.89099e+09    5.37864e+09    4.84081e+09    4.51543e+09    4.24333e+09    3.71638e+09    3.49124e+09    
16900     1.65207e+10    7.93726e+09    6.07454e+09    5.55128e+09    5.00307e+09    4.67158e+09    4.39425e+09    3.85742e+09    3.628e+09      
17000     1.69563e+10    8.17679e+09    6.26206e+09    5.72766e+09    5.16894e+09    4.83138e+09    4.54887e+09    4.00228e+09    3.76857e+09    
17100     1.73987e+10    8.42125e+09    6.45315e+09    5.90737e+09    5.33803e+09    4.99445e+09    4.70686e+09    4.15089e+09    3.91315e+09    
17200     1.78473e+10    8.66997e+09    6.64707e+09    6.08966e+09    5.50957e+09    5.16001e+09    4.86744e+09    4.30251e+09    4.06105e+09    
17300     1.83033e+10    8.92395e+09    6.84469e+09    6.2754e+09     5.68442e+09    5.32889e+09    5.03141e+09    4.45779e+09    4.21279e+09    
17400     1.87669e+10    9.18316e+09    7.04594e+09    6.46447e+09    5.86244e+09    5.50096e+09    5.19865e+09    4.61667e+09    4.36838e+09    
17500     1.92387e+10    9.44793e+09    7.25098e+09    6.65706e+09    6.04381e+09    5.67638e+09    5.36928e+09    4.77924e+09    4.52788e+09    
17600     1.97192e+10    9.71851e+09    7.45997e+09    6.85327e+09    6.22863e+09    5.85522e+09    5.54338e+09    4.94556e+09    4.69135e+09    
17700     2.02089e+10    9.99512e+09    7.67298e+09    7.05316e+09    6.41695e+09    6.03753e+09    5.721e+09      5.11567e+09    4.85885e+09    
17800     2.07085e+10    1.02781e+10    7.89015e+09    7.25687e+09    6.60889e+09    6.2234e+09     5.9022e+09     5.28962e+09    5.0304e+09     
17900     2.12184e+10    1.05676e+10    8.11159e+09    7.46448e+09    6.80453e+09    6.41291e+09    6.08705e+09    5.46745e+09    5.20606e+09    
18000     2.17394e+10    1.0864e+10     8.33744e+09    7.67609e+09    7.00395e+09    6.60613e+09    6.27561e+09    5.64921e+09    5.38587e+09    
18100     2.2272e+10     1.11675e+10    8.56783e+09    7.89184e+09    7.20727e+09    6.80316e+09    6.46796e+09    5.83493e+09    5.56984e+09    
18200     2.28168e+10    1.14785e+10    8.80287e+09    8.11181e+09    7.41457e+09    7.00404e+09    6.66414e+09    6.02464e+09    5.75801e+09    
18300     2.33745e+10    1.17972e+10    9.04258e+09    8.336e+09      7.62583e+09    7.20877e+09    6.86413e+09    6.21832e+09    5.95036e+09    
18400     2.39457e+10    1.21239e+10    9.28725e+09    8.56469e+09    7.8413e+09     7.41757e+09    7.06812e+09    6.41608e+09    6.14693e+09    
18500     2.45299e+10    1.24577e+10    9.53578e+09    8.79676e+09    8.05985e+09    7.6293e+09     7.27498e+09    6.61689e+09    6.34683e+09    
18600     2.51299e+10    1.28012e+10    9.79048e+09    9.0345e+09     8.28374e+09    7.84618e+09    7.48688e+09    6.82268e+09    6.55173e+09    
18700     2.57443e+10    1.31526e+10    1.00496e+10    9.27616e+09    8.51119e+09    8.06647e+09    7.70212e+09    7.03201e+09    6.76048e+09    
18800     2.63751e+10    1.35136e+10    1.03146e+10    9.52309e+09    8.74352e+09    8.29144e+09    7.92188e+09    7.24566e+09    6.97349e+09    
18900     2.7022e+10     1.38836e+10    1.05847e+10    9.77468e+09    8.9801e+09     8.52043e+09    8.14553e+09    7.46316e+09    7.19044e+09    
19000     2.76856e+10    1.42628e+10    1.08601e+10    1.00309e+10    9.22086e+09    8.7534e+09     8.373e+09      7.68441e+09    7.41123e+09    
19100     2.8366e+10     1.46513e+10    1.11407e+10    1.02917e+10    9.46571e+09    8.99021e+09    8.60416e+09    7.90927e+09    7.63569e+09    
19200     2.90634e+10    1.50488e+10    1.14262e+10    1.05568e+10    9.71437e+09    9.23059e+09    8.8387e+09     8.1374e+09     7.86348e+09    
19300     2.97786e+10    1.5456e+10     1.17172e+10    1.08265e+10    9.96715e+09    9.47483e+09    9.07691e+09    8.36905e+09    8.0948e+09     
19400     3.05115e+10    1.58724e+10    1.2013e+10     1.11005e+10    1.02236e+10    9.72242e+09    9.31828e+09    8.60371e+09    8.32919e+09    
19500     3.12618e+10    1.62978e+10    1.23134e+10    1.13782e+10    1.04832e+10    9.97293e+09    9.56235e+09    8.84096e+09    8.56621e+09    
19600     3.20306e+10    1.67329e+10    1.26191e+10    1.16604e+10    1.07466e+10    1.02269e+10    9.80969e+09    9.08117e+09    8.80608e+09    
19700     3.28173e+10    1.7177e+10     1.29294e+10    1.19463e+10    1.10131e+10    1.04836e+10    1.00595e+10    9.32363e+09    9.04818e+09    
19800     3.36219e+10    1.76298e+10    1.3244e+10     1.22355e+10    1.12822e+10    1.07427e+10    1.03114e+10    9.56798e+09    9.29215e+09    
19900     3.44444e+10    1.80913e+10    1.35628e+10    1.2528e+10     1.15538e+10    1.10039e+10    1.05652e+10    9.81395e+09    9.53766e+09    
20000     3.52847e+10    1.85612e+10    1.38854e+10    1.28233e+10    1.18276e+10    1.12668e+10    1.08205e+10    1.00611e+10    9.78431e+09    
20100     3.6142e+10     1.90386e+10    1.42111e+10    1.31207e+10    1.21025e+10    1.15305e+10    1.10763e+10    1.03086e+10    1.00313e+10    
20200     3.70166e+10    1.95236e+10    1.454e+10      1.342e+10      1.23786e+10    1.1795e+10     1.13327e+10    1.05564e+10    1.02785e+10    
20300     3.79086e+10    2.00161e+10    1.4872e+10     1.37215e+10    1.2656e+10     1.20603e+10    1.15896e+10    1.08043e+10    1.05257e+10    
20400     3.88169e+10    2.05149e+10    1.52059e+10    1.40236e+10    1.29331e+10    1.23249e+10    1.18456e+10    1.10511e+10    1.07716e+10    
20500     3.9742e+10     2.10205e+10    1.55423e+10    1.4327e+10     1.32106e+10    1.25894e+10    1.21012e+10    1.12971e+10    1.10167e+10    
20600     4.06831e+10    2.15318e+10    1.588e+10      1.46306e+10    1.34873e+10    1.28527e+10    1.23552e+10    1.15412e+10    1.12598e+10    
20700     4.16398e+10    2.20483e+10    1.62187e+10    1.49339e+10    1.37627e+10    1.31142e+10    1.26073e+10    1.17831e+10    1.15005e+10    
20800     4.26119e+10    2.25694e+10    1.65579e+10    1.52365e+10    1.40363e+10    1.33735e+10    1.28568e+10    1.2022e+10     1.17381e+10    
20900     4.35972e+10    2.3093e+10     1.68955e+10    1.55363e+10    1.43061e+10    1.36284e+10    1.31016e+10    1.22562e+10    1.19711e+10    
21000     4.45985e+10    2.36217e+10    1.72339e+10    1.58356e+10    1.45743e+10    1.38812e+10    1.33442e+10    1.24875e+10    1.2201e+10     
21100     4.5614e+10     2.41532e+10    1.75712e+10    1.61326e+10    1.4839e+10     1.41301e+10    1.35824e+10    1.27141e+10    1.2426e+10     
21200     4.66432e+10    2.46869e+10    1.79067e+10    1.64265e+10    1.50995e+10    1.43742e+10    1.38157e+10    1.29355e+10    1.26456e+10    
21300     4.76859e+10    2.52225e+10    1.82401e+10    1.67171e+10    1.53555e+10    1.46133e+10    1.40436e+10    1.31511e+10    1.28595e+10    
21400     4.87418e+10    2.57593e+10    1.85708e+10    1.70037e+10    1.56063e+10    1.48467e+10    1.42655e+10    1.33605e+10    1.30669e+10    
21500     4.98106e+10    2.62968e+10    1.88982e+10    1.72857e+10    1.58513e+10    1.50738e+10    1.44809e+10    1.3563e+10     1.32673e+10    
21600     5.08893e+10    2.68315e+10    1.9219e+10     1.75599e+10    1.60873e+10    1.52913e+10    1.46865e+10    1.37553e+10    1.34575e+10    
21700     5.1983e+10     2.73684e+10    1.95381e+10    1.7831e+10     1.63189e+10    1.5504e+10     1.48869e+10    1.39421e+10    1.36421e+10    
21800     5.30899e+10    2.79053e+10    1.98532e+10    1.8097e+10     1.65442e+10    1.57098e+10    1.50802e+10    1.41214e+10    1.3819e+10     
21900     5.42095e+10    2.84412e+10    2.01635e+10    1.83568e+10    1.6762e+10     1.59077e+10    1.52653e+10    1.42921e+10    1.39872e+10    
22000     5.5342e+10     2.89762e+10    2.04689e+10    1.86104e+10    1.69724e+10    1.60977e+10    1.54421e+10    1.44542e+10    1.41467e+10    
22100     5.64874e+10    2.95096e+10    2.07687e+10    1.88572e+10    1.71748e+10    1.62791e+10    1.56102e+10    1.46071e+10    1.42969e+10    
22200     5.76461e+10    3.00416e+10    2.10632e+10    1.90973e+10    1.73692e+10    1.64521e+10    1.57696e+10    1.4751e+10     1.4438e+10     
22300     5.88181e+10    3.05718e+10    2.13518e+10    1.93302e+10    1.75551e+10    1.66161e+10    1.59197e+10    1.48853e+10    1.45694e+10    
22400     6.00041e+10    3.11004e+10    2.16346e+10    1.9556e+10     1.77328e+10    1.67714e+10    1.60608e+10    1.50102e+10    1.46913e+10    
22500     6.12038e+10    3.16268e+10    2.19109e+10    1.9774e+10     1.79014e+10    1.69171e+10    1.61922e+10    1.51249e+10    1.48029e+10    
22600     6.24194e+10    3.21524e+10    2.21824e+10    1.99857e+10    1.80625e+10    1.70548e+10    1.63153e+10    1.5231e+10     1.49058e+10    
22700     6.36503e+10    3.26767e+10    2.2448e+10     2.01902e+10    1.82152e+10    1.71837e+10    1.64292e+10    1.53275e+10    1.4999e+10     
22800     6.48975e+10    3.32e+10       2.27081e+10    2.03878e+10    1.83598e+10    1.73041e+10    1.65345e+10    1.54149e+10    1.5083e+10     
22900     6.61619e+10    3.37227e+10    2.29631e+10    2.05788e+10    1.84967e+10    1.74163e+10    1.66313e+10    1.54934e+10    1.51579e+10    
23000     6.74432e+10    3.42444e+10    2.32121e+10    2.07625e+10    1.8625e+10     1.75195e+10    1.67188e+10    1.55624e+10    1.52233e+10    
23100     6.87433e+10    3.47661e+10    2.34565e+10    2.094e+10      1.8746e+10     1.7615e+10     1.67984e+10    1.5623e+10     1.52801e+10    
23200     7.00629e+10    3.52888e+10    2.36965e+10    2.11118e+10    1.88601e+10    1.77032e+10    1.68704e+10    1.56755e+10    1.53287e+10    
23300     7.14027e+10    3.58123e+10    2.39322e+10    2.12777e+10    1.89672e+10    1.7784e+10     1.69347e+10    1.57199e+10    1.53691e+10    
23400     7.27627e+10    3.63365e+10    2.41632e+10    2.14375e+10    1.90671e+10    1.78571e+10    1.6991e+10     1.5756e+10     1.54012e+10    
23500     7.41457e+10    3.6864e+10     2.43918e+10    2.15933e+10    1.91618e+10    1.79247e+10    1.70416e+10    1.57859e+10    1.54268e+10    
23600     7.55515e+10    3.73941e+10    2.46172e+10    2.17444e+10    1.92507e+10    1.79862e+10    1.70856e+10    1.58089e+10    1.54454e+10    
23700     7.69814e+10    3.79281e+10    2.48403e+10    2.18917e+10    1.93347e+10    1.80423e+10    1.71241e+10    1.58258e+10    1.54579e+10    
23800     7.84359e+10    3.84661e+10    2.50612e+10    2.20353e+10    1.94138e+10    1.80932e+10    1.7157e+10     1.58368e+10    1.54643e+10    
23900     7.99163e+10    3.90093e+10    2.52808e+10    2.2176e+10     1.9489e+10     1.81399e+10    1.71853e+10    1.58428e+10    1.54655e+10    
24000     8.14231e+10    3.95582e+10    2.54993e+10    2.2314e+10     1.95604e+10    1.81823e+10    1.72091e+10    1.58438e+10    1.54618e+10    
24100     8.29578e+10    4.01141e+10    2.57177e+10    2.24503e+10    1.9629e+10     1.82215e+10    1.72294e+10    1.58409e+10    1.54539e+10    
24200     8.45206e+10    4.06771e+10    2.59361e+10    2.2585e+10     1.96949e+10    1.82578e+10    1.72464e+10    1.58342e+10    1.54421e+10    
24300     8.6111e+10     4.12469e+10    2.61537e+10    2.27173e+10    1.97573e+10    1.82901e+10    1.72591e+10    1.58229e+10    1.54257e+10    
24400     8.77328e+10    4.18273e+10    2.6374e+10     2.28507e+10    1.98198e+10    1.83221e+10    1.72712e+10    1.58104e+10    1.5408e+10     
24500     8.93852e+10    4.24173e+10    2.65961e+10    2.29841e+10    1.98812e+10    1.83526e+10    1.72815e+10    1.57957e+10    1.53879e+10    
24600     9.10634e+10    4.30126e+10    2.68151e+10    2.31128e+10    1.99369e+10    1.8377e+10     1.72853e+10    1.57743e+10    1.5361e+10     
24700     9.27789e+10    4.36246e+10    2.70424e+10    2.3248e+10     1.9998e+10     1.84063e+10    1.72938e+10    1.57569e+10    1.5338e+10     
24800     9.45267e+10    4.42487e+10    2.72729e+10    2.33848e+10    2.00597e+10    1.84358e+10    1.7302e+10     1.57388e+10    1.53142e+10    
24900     9.63075e+10    4.48857e+10    2.75074e+10    2.35238e+10    2.01226e+10    1.8466e+10     1.73107e+10    1.57207e+10    1.52901e+10    
25000     9.81216e+10    4.55363e+10    2.77463e+10    2.36654e+10    2.01869e+10    1.84973e+10    1.73201e+10    1.57028e+10    1.52662e+10    
25100     9.99695e+10    4.6201e+10     2.799e+10      2.381e+10      2.02534e+10    1.85301e+10    1.73307e+10    1.56857e+10    1.5243e+10     
25200     1.01851e+11    4.68808e+10    2.82391e+10    2.39581e+10    2.03223e+10    1.85649e+10    1.7343e+10     1.56698e+10    1.52209e+10    
25300     1.03766e+11    4.75749e+10    2.84928e+10    2.41089e+10    2.03929e+10    1.86008e+10    1.7356e+10     1.56543e+10    1.51991e+10    
25400     1.05717e+11    4.82861e+10    2.87537e+10    2.42652e+10    2.04679e+10    1.86406e+10    1.73726e+10    1.56419e+10    1.51802e+10    
25500     1.07701e+11    4.90131e+10    2.90204e+10    2.44252e+10    2.05456e+10    1.86827e+10    1.73912e+10    1.56309e+10    1.51627e+10    
25600     1.09721e+11    4.97584e+10    2.92953e+10    2.45914e+10    2.06286e+10    1.87293e+10    1.74139e+10    1.56237e+10    1.51488e+10    
25700     1.11776e+11    5.05215e+10    2.95776e+10    2.47631e+10    2.0716e+10     1.87798e+10    1.74402e+10    1.56196e+10    1.51378e+10    
25800     1.13865e+11    5.13022e+10    2.98675e+10    2.49404e+10    2.0808e+10     1.88343e+10    1.74701e+10    1.56186e+10    1.51298e+10    
25900     1.15989e+11    5.21018e+10    3.01658e+10    2.51241e+10    2.09053e+10    1.88935e+10    1.75044e+10    1.56215e+10    1.51257e+10    
26000     1.18147e+11    5.29201e+10    3.04726e+10    2.53142e+10    2.1008e+10     1.89574e+10    1.7543e+10     1.56284e+10    1.51253e+10    
26100     1.20339e+11    5.37574e+10    3.07881e+10    2.55109e+10    2.11162e+10    1.90262e+10    1.75862e+10    1.56394e+10    1.5129e+10     
26200     1.22565e+11    5.4614e+10     3.11125e+10    2.57146e+10    2.12303e+10    1.91001e+10    1.76342e+10    1.56548e+10    1.51369e+10    
26300     1.24824e+11    5.54903e+10    3.14464e+10    2.59256e+10    2.13506e+10    1.91797e+10    1.76875e+10    1.5675e+10     1.51495e+10    
26400     1.27117e+11    5.63863e+10    3.179e+10      2.61442e+10    2.14774e+10    1.92651e+10    1.77462e+10    1.57002e+10    1.51669e+10    
26500     1.29441e+11    5.73009e+10    3.21421e+10    2.63693e+10    2.16094e+10    1.93551e+10    1.78092e+10    1.57292e+10    1.51881e+10    
26600     1.31798e+11    5.82367e+10    3.25055e+10    2.66036e+10    2.17494e+10    1.94524e+10    1.78791e+10    1.57648e+10    1.52156e+10    
26700     1.34186e+11    5.91922e+10    3.28789e+10    2.68459e+10    2.18961e+10    1.95557e+10    1.79547e+10    1.58056e+10    1.52483e+10    
26800     1.36605e+11    6.01678e+10    3.32629e+10    2.70967e+10    2.205e+10      1.96656e+10    1.80365e+10    1.58522e+10    1.52866e+10    
26900     1.39055e+11    6.11634e+10    3.36573e+10    2.73561e+10    2.2211e+10     1.9782e+10     1.81245e+10    1.59045e+10    1.53305e+10    
27000     1.41534e+11    6.21788e+10    3.40624e+10    2.76241e+10    2.23793e+10    1.99051e+10    1.82187e+10    1.59628e+10    1.53801e+10    
27100     1.44042e+11    6.32139e+10    3.44783e+10    2.7901e+10     2.2555e+10     2.00349e+10    1.83194e+10    1.60269e+10    1.54356e+10    
27200     1.46578e+11    6.42686e+10    3.49051e+10    2.81869e+10    2.27381e+10    2.01716e+10    1.84266e+10    1.60972e+10    1.5497e+10     
27300     1.49141e+11    6.53425e+10    3.53425e+10    2.84817e+10    2.29285e+10    2.03149e+10    1.854e+10      1.61734e+10    1.55643e+10    
27400     1.51731e+11    6.64357e+10    3.57911e+10    2.87859e+10    2.31267e+10    2.04656e+10    1.86605e+10    1.62561e+10    1.56379e+10    
27500     1.54346e+11    6.7548e+10     3.62507e+10    2.90994e+10    2.33325e+10    2.06233e+10    1.87876e+10    1.63451e+10    1.57177e+10    
27600     1.56986e+11    6.86789e+10    3.67212e+10    2.94222e+10    2.35458e+10    2.0788e+10     1.89214e+10    1.64404e+10    1.58036e+10    
27700     1.5965e+11     6.98283e+10    3.7203e+10     2.97546e+10    2.3767e+10     2.096e+10      1.90622e+10    1.65422e+10    1.58959e+10    
27800     1.62337e+11    7.09957e+10    3.76957e+10    3.00965e+10    2.39959e+10    2.11393e+10    1.92099e+10    1.66505e+10    1.59947e+10    
27900     1.65046e+11    7.21808e+10    3.81995e+10    3.0448e+10     2.42326e+10    2.13258e+10    1.93645e+10    1.67653e+10    1.60997e+10    
28000     1.67775e+11    7.33832e+10    3.87139e+10    3.08088e+10    2.44767e+10    2.15192e+10    1.95258e+10    1.68863e+10    1.6211e+10     
28100     1.70524e+11    7.46029e+10    3.92396e+10    3.11795e+10    2.47289e+10    2.17203e+10    1.96943e+10    1.70142e+10    1.6329e+10     
28200     1.73292e+11    7.5838e+10     3.97751e+10    3.15588e+10    2.49877e+10    2.19276e+10    1.98688e+10    1.71476e+10    1.64524e+10    
28300     1.76078e+11    7.70904e+10    4.03224e+10    3.19488e+10    2.52555e+10    2.21433e+10    2.00514e+10    1.72888e+10    1.65833e+10    
28400     1.78881e+11    7.83588e+10    4.08804e+10    3.23484e+10    2.5531e+10     2.23663e+10    2.0241e+10     1.74365e+10    1.67208e+10    
28500     1.817e+11      7.96423e+10    4.14491e+10    3.27576e+10    2.58144e+10    2.25967e+10    2.04377e+10    1.75909e+10    1.68648e+10    
28600     1.84533e+11    8.09407e+10    4.20281e+10    3.31764e+10    2.61055e+10    2.28343e+10    2.06413e+10    1.77518e+10    1.70152e+10    
28700     1.8738e+11     8.22537e+10    4.26175e+10    3.36046e+10    2.64044e+10    2.30792e+10    2.0852e+10     1.79194e+10    1.71723e+10    
28800     1.9024e+11     8.35804e+10    4.3217e+10     3.40422e+10    2.67111e+10    2.33314e+10    2.10698e+10    1.80936e+10    1.73358e+10    
28900     1.93111e+11    8.49204e+10    4.38262e+10    3.4489e+10     2.70253e+10    2.35906e+10    2.12943e+10    1.82741e+10    1.75056e+10    
29000     1.95992e+11    8.62734e+10    4.44453e+10    3.49449e+10    2.73472e+10    2.3857e+10     2.15257e+10    1.84613e+10    1.76819e+10    
29100     1.98882e+11    8.7639e+10     4.50742e+10    3.54103e+10    2.76771e+10    2.41309e+10    2.17644e+10    1.86552e+10    1.78648e+10    
29200     2.01781e+11    8.90167e+10    4.57124e+10    3.58846e+10    2.80148e+10    2.4412e+10     2.201e+10      1.88557e+10    1.80543e+10    
29300     2.04686e+11    9.04057e+10    4.63599e+10    3.63679e+10    2.83601e+10    2.47002e+10    2.22625e+10    1.90627e+10    1.82502e+10    
29400     2.07598e+11    9.1806e+10     4.70162e+10    3.68599e+10    2.87131e+10    2.49955e+10    2.25218e+10    1.92763e+10    1.84525e+10    
29500     2.10513e+11    9.32169e+10    4.76813e+10    3.73606e+10    2.90737e+10    2.52979e+10    2.2788e+10     1.94963e+10    1.86612e+10    
29600     2.13433e+11    9.46378e+10    4.83547e+10    3.78696e+10    2.94419e+10    2.56074e+10    2.3061e+10     1.97228e+10    1.88764e+10    
29700     2.16354e+11    9.60683e+10    4.90363e+10    3.8387e+10     2.98178e+10    2.5924e+10     2.33408e+10    1.99557e+10    1.90979e+10    
29800     2.19277e+11    9.75083e+10    4.9726e+10     3.89127e+10    3.02012e+10    2.62476e+10    2.36274e+10    2.01951e+10    1.93258e+10    
29900     2.222e+11      9.89568e+10    5.04232e+10    3.94461e+10    3.05921e+10    2.65781e+10    2.39205e+10    2.04408e+10    1.95599e+10    
30000     2.25122e+11    1.00414e+11    5.11277e+10    3.99873e+10    3.09905e+10    2.69156e+10    2.42203e+10    2.06928e+10    1.98004e+10    
