T(K)      0.0e+00        1.0e-04        5.0e-04        1.0e-03        2.5e-03        5.0e-03        1.0e-02        5.0e-02        1.0e-01        
300       2.96546e-216   2.96546e-216   2.96546e-216   2.96546e-216   2.96546e-216   2.96546e-216   2.96546e-216   2.96546e-216   2.96546e-216   
400       2.43339e-163   2.43339e-163   2.43339e-163   2.43339e-163   2.43339e-163   2.43339e-163   2.43339e-163   2.43339e-163   2.43339e-163   
500       3.0123e-130    3.0123e-130    3.0123e-130    3.0123e-130    3.0123e-130    3.0123e-130    3.0123e-130    3.0123e-130    3.0123e-130    
600       6.6887e-107    6.6887e-107    6.6887e-107    6.6887e-107    6.6887e-107    6.6887e-107    6.6887e-107    6.68869e-107   6.68868e-107   
700       1.2058e-88     1.2058e-88     1.2058e-88     1.20579e-88    1.20577e-88    1.20573e-88    1.20565e-88    1.20503e-88    1.20425e-88    
800       4.16376e-75    4.16336e-75    4.16174e-75    4.15972e-75    4.15367e-75    4.14361e-75    4.12363e-75    3.96955e-75    3.79066e-75    
900       1.42936e-64    1.4255e-64     1.41021e-64    1.39147e-64    1.33769e-64    1.25554e-64    1.11553e-64    5.98612e-65    4.13259e-65    
1000      3.83689e-56    3.69562e-56    3.20819e-56    2.73888e-56    1.89664e-56    1.29915e-56    8.5017e-57     2.92495e-57    2.18937e-57    
1100      6.77787e-29    6.77787e-29    6.77787e-29    6.77787e-29    6.77787e-29    6.77787e-29    6.77787e-29    6.77787e-29    6.77787e-29    
1200      1.73733e-25    1.73733e-25    1.73733e-25    1.73733e-25    1.73733e-25    1.73733e-25    1.73733e-25    1.73733e-25    1.73733e-25    
1300      7.39924e-20    7.39924e-20    7.39924e-20    7.39924e-20    7.39924e-20    7.39924e-20    7.39924e-20    7.39924e-20    7.39924e-20    
1400      2.40764e-17    2.40764e-17    2.40764e-17    2.40764e-17    2.40764e-17    2.40764e-17    2.40764e-17    2.40764e-17    2.40764e-17    
1500      3.60808e-15    3.60808e-15    3.60808e-15    3.60808e-15    3.60808e-15    3.60808e-15    3.60808e-15    3.60808e-15    3.60808e-15    
1600      2.85415e-13    2.85415e-13    2.85415e-13    2.85415e-13    2.85415e-13    2.85415e-13    2.85415e-13    2.85415e-13    2.85415e-13    
1700      1.32725e-11    1.32725e-11    1.32725e-11    1.32725e-11    1.32725e-11    1.32725e-11    1.32725e-11    1.32725e-11    1.32725e-11    
1800      3.85135e-10    3.85135e-10    3.85135e-10    3.85135e-10    3.85135e-10    3.85135e-10    3.85135e-10    3.85135e-10    3.85135e-10    
1900      7.14408e-09    7.14408e-09    7.14408e-09    7.14408e-09    7.14408e-09    7.14408e-09    7.14408e-09    7.14408e-09    7.14408e-09    
2000      9.08583e-08    9.08583e-08    9.08583e-08    9.08583e-08    9.08583e-08    9.08583e-08    9.08583e-08    9.08583e-08    9.08582e-08    
2100      9.33937e-07    9.33937e-07    9.33936e-07    9.33935e-07    9.33932e-07    9.33928e-07    9.33919e-07    9.33859e-07    9.33804e-07    
2200      8.49731e-06    8.49713e-06    8.49643e-06    8.4956e-06     8.49331e-06    8.4901e-06     8.48538e-06    8.47426e-06    8.4717e-06     
2300      6.64422e-05    6.63892e-05    6.62108e-05    6.60461e-05    6.57701e-05    6.55913e-05    6.54731e-05    6.5362e-05     6.53486e-05    
2400      0.000440809    0.000434722    0.000423873    0.000419784    0.00041658     0.000415367    0.000414765    0.000414286    0.000414189    
2500      0.00255455     0.00229694     0.00216569     0.00214287     0.00212909     0.00212479     0.00212233     0.00211911     0.00211821     
2600      0.0135451      0.00934829     0.00873394     0.00865844     0.00861162     0.00859078     0.00857569     0.00855243     0.00854567     
2700      0.0668207      0.0294144      0.0274287      0.0271705      0.0269576      0.0268441      0.0267548      0.0266138      0.0265763      
2800      0.297015       0.0738189      0.0680399      0.0670084      0.066032       0.0654705      0.0650278      0.0643889      0.0642275      
2900      1.15484        0.159377       0.141828       0.137869       0.133917       0.131676       0.129983       0.127672       0.1271         
3000      3.92774        0.321358       0.268115       0.254601       0.241235       0.233875       0.228468       0.221254       0.219501       
3100      11.8583        0.640531       0.488476       0.448209       0.409098       0.387957       0.372713       0.352555       0.347708       
3200      32.2839        1.2909         0.890317       0.783283       0.680538       0.625727       0.586657       0.535155       0.522832       
3300      80.2979        2.61944        1.64614        1.38654        1.13914        1.00849        0.915951       0.794045       0.764914       
3400      184.432        5.2708         3.07553        2.49234        1.9393         1.64941        1.44474        1.17498        1.11049        
3500      394.828        10.3698        5.73725        4.51107        3.35241        2.74817        2.32214        1.76006        1.62557        
3600      794.424        19.7773        10.5603        8.12757        5.83438        4.64234        3.8022         2.69241        2.42667        
3700      1513.92        36.442         19.0282        14.4409        10.1236        7.88325        6.3041         4.2154         3.71508        
3800      2751.55        64.8756        33.4294        25.1563        17.3764        13.3421        10.4971        6.72948        5.82706        
3900      4798.88        111.796        57.206         42.8558        29.365         22.3683        17.4309        10.8851        9.31787        
4000      8073.91        186.975        95.4155        71.3604        48.743         37.0044        28.7145        17.7126        15.0803        
4100      13162.5        304.337        155.347        116.22         79.4147        60.2913        46.7743        28.818         24.5254        
4200      20869.5        483.413        247.351        185.382        127.056        96.7069        75.2346        46.6848        39.8659        
4300      32279.2        751.119        385.866        290.031        199.762        152.717        119.396        75.054         64.4747        
4400      48828.3        1144.12        590.844        445.776        309.018        237.619        186.99         119.56         103.492        
4500      72388.6        1711.77        889.534        674.147        470.92         364.62         289.145        188.553        164.615        
4600      105363         2519.76        1318.78        1004.56        707.811        552.283        441.7          294.252        259.203        
4700      150791         3654.91        1928.07        1476.97        1050.52        826.541        667.062        454.386        403.87         
4800      212468         5230.76        2783.13        2144.92        1540.93        1223.01        996.36         694.096        622.313        
4900      295076         7395.96        3971.83        3080.84        2236.63        1791.32        1473.55        1049.69        948.995        
5000      404316         10341.3        5608.11        4379.23        3213.32        2597.21        2157.3         1570.1         1430.49        
5100      547059         14314.2        7842.6         6166.14        4573.49        3730.85        3128.89        2324.21        2132.76        
5200      731496         19632          10871          8606.25        6452.55        5312.47        4497.31        3405.35        3145.5         
5300      967295         26699.1        14945.2        11912.9        9027.86        7500.6         6406.82        4938.2         4588.94        
5400      1.26577e+06    36037.2        20395.8        16368.2        12537.8        10509.9        9053.99        7095.01        6629.86        
5500      1.64003e+06    48290.2        27626.5        22316.9        17273.7        14601.8        12677.3        10084.4        9470.19        
5600      2.10516e+06    64284.4        37162.7        30213.1        23623.7        20126.1        17598          14191.5        13386.9        
5700      2.67848e+06    85124.9        49735.2        40702          32150.2        27597.1        24295.4        19851.1        18805.5        
5800      3.37946e+06    111986         66053.5        54390.7        43355.9        37457.5        33169.3        27409.9        26060.8        
5900      4.23028e+06    146504         87184.4        72221.2        58051.3        50443.8        44905.1        37488.8        35759.1        
6000      5.25593e+06    190680         114436         95346.4        77224.9        67455.1        60340.3        50847.8        48642.1        
6100      6.48433e+06    246836         149293         125058         101967         89474.9        80384.7        68303.2        65503.1        
6200      7.94692e+06    317926         193709         163066         133741         117842         106288         90991.9        87450.8        
6300      9.67889e+06    407498         250032         211415         174302         154164         139550         120277         115814         
6400      1.17193e+07    519590         320873         272347         225545         200161         181766         157589         151982         
6500      1.4113e+07     660096         410426         349606         290814         258975         235927         205718         198693         
6600      1.69074e+07    833539         521198         445159         371605         331861         303118         265507         256727         
6700      2.01572e+07    1.04753e+06    658411         563601         471964         422586         386904         340226         329280         
6800      2.39227e+07    1.31075e+06    827947         710074         596392         535326         491230         433471         419853         
6900      2.82688e+07    1.63207e+06    1.03539e+06    889309         748873         673690         619434         548161         531252         
7000      3.32679e+07    2.02367e+06    1.28911e+06    1.10867e+06    935902         843736         777257         689546         668588         
7100      3.8996e+07     2.49736e+06    1.59651e+06    1.37445e+06    1.16275e+06    1.05023e+06    969104         861454         835525         
7200      4.554e+07      3.07238e+06    1.97178e+06    1.69952e+06    1.44113e+06    1.3043e+06     1.20568e+06    1.07391e+06    1.04187e+06    
7300      5.29817e+07    3.75997e+06    2.42041e+06    2.08788e+06    1.77368e+06    1.60793e+06    1.48847e+06    1.32763e+06    1.28812e+06    
7400      6.14141e+07    4.58047e+06    2.95623e+06    2.55167e+06    2.17101e+06    1.97093e+06    1.82674e+06    1.63099e+06    1.58236e+06    
7500      7.09362e+07    5.55828e+06    3.59629e+06    3.10604e+06    2.64651e+06    2.40581e+06    2.23235e+06    1.99483e+06    1.93507e+06    
7600      8.16445e+07    6.71465e+06    4.35359e+06    3.76183e+06    3.20905e+06    2.92044e+06    2.71244e+06    2.42512e+06    2.35182e+06    
7700      9.36537e+07    8.08882e+06    5.25823e+06    4.54676e+06    3.88409e+06    3.53916e+06    3.2905e+06     2.94397e+06    2.85414e+06    
7800      1.07049e+08    9.69145e+06    6.31063e+06    5.45861e+06    4.66693e+06    4.25597e+06    3.95962e+06    3.54309e+06    3.43333e+06    
7900      1.2195e+08     1.15678e+07    7.54491e+06    6.52859e+06    5.58602e+06    5.09789e+06    4.74575e+06    4.24668e+06    4.11281e+06    
8000      1.3846e+08     1.37513e+07    8.98208e+06    7.77452e+06    6.65609e+06    6.07806e+06    5.66085e+06    5.06484e+06    4.90192e+06    
8100      1.56685e+08    1.62797e+07    1.06466e+07    9.21737e+06    7.89477e+06    7.21231e+06    6.71938e+06    6.00969e+06    5.81168e+06    
8200      1.76754e+08    1.92173e+07    1.25881e+07    1.09031e+07    9.34442e+06    8.5411e+06     7.96041e+06    7.11809e+06    6.8779e+06     
8300      1.98739e+08    2.25776e+07    1.48045e+07    1.28255e+07    1.09949e+07    1.00521e+07    9.37007e+06    8.37379e+06    8.08355e+06    
8400      2.22745e+08    2.64136e+07    1.73319e+07    1.50164e+07    1.28738e+07    1.17707e+07    1.0972e+07     9.79745e+06    9.44783e+06    
8500      2.48886e+08    3.07932e+07    2.02202e+07    1.75212e+07    1.5022e+07     1.37352e+07    1.28025e+07    1.1422e+07     1.1002e+07     
8600      2.77247e+08    3.57625e+07    2.34965e+07    2.0362e+07     1.74571e+07    1.59604e+07    1.48744e+07    1.32569e+07    1.27538e+07    
8700      3.07939e+08    4.14045e+07    2.72234e+07    2.35965e+07    2.02317e+07    1.84961e+07    1.72352e+07    1.53448e+07    1.4743e+07     
8800      3.40997e+08    4.77324e+07    3.13933e+07    2.72116e+07    2.33274e+07    2.1321e+07     1.98614e+07    1.76596e+07    1.69435e+07    
8900      3.76509e+08    5.48249e+07    3.60625e+07    3.12581e+07    2.67898e+07    2.44774e+07    2.27927e+07    2.0236e+07     1.93869e+07    
9000      4.14531e+08    6.27383e+07    4.12643e+07    3.57639e+07    3.06412e+07    2.79844e+07    2.60456e+07    2.30857e+07    2.20829e+07    
9100      4.55138e+08    7.15556e+07    4.70576e+07    4.07819e+07    3.49288e+07    3.18858e+07    2.96611e+07    2.62442e+07    2.50638e+07    
9200      4.98436e+08    8.14047e+07    5.35455e+07    4.64092e+07    3.97438e+07    3.62692e+07    3.37233e+07    2.97867e+07    2.83984e+07    
9300      5.44319e+08    9.22069e+07    6.06236e+07    5.25359e+07    4.49706e+07    4.10159e+07    3.81113e+07    3.35925e+07    3.19706e+07    
9400      5.92895e+08    1.0411e+08     6.84139e+07    5.92778e+07    5.07189e+07    4.6232e+07     4.2928e+07     3.77567e+07    3.58694e+07    
9500      6.44185e+08    1.17181e+08    7.69553e+07    6.6668e+07     5.70158e+07    5.19413e+07    4.81938e+07    4.22926e+07    4.01046e+07    
9600      6.98264e+08    1.31546e+08    8.63476e+07    7.48003e+07    6.39491e+07    5.82275e+07    5.39887e+07    4.72687e+07    4.47356e+07    
9700      7.55014e+08    1.47145e+08    9.65015e+07    8.35796e+07    7.14183e+07    6.49876e+07    6.02078e+07    5.25834e+07    4.96695e+07    
9800      8.14465e+08    1.64068e+08    1.07479e+08    9.30625e+07    7.94739e+07    7.22684e+07    6.68945e+07    5.82714e+07    5.4935e+07     
9900      8.76696e+08    1.82455e+08    1.19391e+08    1.03353e+08    8.82146e+07    8.01651e+07    7.41406e+07    6.44135e+07    6.06053e+07    
10000     9.4167e+08     2.02329e+08    1.3223e+08     1.14438e+08    9.76215e+07    8.86556e+07    8.19212e+07    7.09813e+07    6.6652e+07     
10100     1.00954e+09    2.23896e+08    1.46172e+08    1.26489e+08    1.0786e+08     9.79014e+07    9.03932e+07    7.8111e+07     7.3193e+07     
10200     1.08006e+09    2.46966e+08    1.60997e+08    1.39281e+08    1.18702e+08    1.07671e+08    9.93256e+07    8.55908e+07    8.00424e+07    
10300     1.15336e+09    2.71698e+08    1.76834e+08    1.52935e+08    1.30262e+08    1.18077e+08    1.08827e+08    9.35131e+07    8.72791e+07    
10400     1.22954e+09    2.98227e+08    1.93787e+08    1.67553e+08    1.42636e+08    1.29211e+08    1.18986e+08    1.01956e+08    9.49733e+07    
10500     1.30863e+09    3.26604e+08    2.11879e+08    1.83149e+08    1.55834e+08    1.41081e+08    1.29806e+08    1.10918e+08    1.03123e+08    
10600     1.39083e+09    3.57021e+08    2.3127e+08     1.99881e+08    1.70008e+08    1.53831e+08    1.41428e+08    1.20514e+08    1.11821e+08    
10700     1.47597e+09    3.89307e+08    2.51765e+08    2.17547e+08    1.8495e+08     1.67255e+08    1.53647e+08    1.3057e+08     1.20929e+08    
10800     1.56418e+09    4.23566e+08    2.73438e+08    2.36215e+08    2.00725e+08    1.81412e+08    1.66519e+08    1.41128e+08    1.3048e+08     
10900     1.65574e+09    4.60038e+08    2.96509e+08    2.56099e+08    2.17537e+08    1.96504e+08    1.80238e+08    1.52361e+08    1.40625e+08    
11000     1.75064e+09    4.98638e+08    3.20871e+08    2.77086e+08    2.35269e+08    2.12409e+08    1.94682e+08    1.64156e+08    1.5127e+08     
11100     1.84925e+09    5.39686e+08    3.46826e+08    2.99469e+08    2.54206e+08    2.29408e+08    2.10126e+08    1.76761e+08    1.62636e+08    
11200     1.9517e+09     5.83234e+08    3.74416e+08    3.23278e+08    2.74373e+08    2.47518e+08    2.2658e+08     1.90159e+08    1.74681e+08    
11300     2.05791e+09    6.29101e+08    4.03451e+08    3.48316e+08    2.95566e+08    2.66537e+08    2.43847e+08    2.04206e+08    1.87324e+08    
11400     2.16808e+09    6.77406e+08    4.34052e+08    3.7469e+08     3.17884e+08    2.86559e+08    2.62015e+08    2.18966e+08    2.00609e+08    
11500     2.2826e+09     7.28434e+08    4.66509e+08    4.02679e+08    3.41599e+08    3.07848e+08    2.81339e+08    2.34665e+08    2.14732e+08    
11600     2.40148e+09    7.82105e+08    5.00755e+08    4.322e+08      3.66622e+08    3.3031e+08     3.01726e+08    2.51216e+08    2.29622e+08    
11700     2.52496e+09    8.38546e+08    5.3694e+08     4.63389e+08    3.93079e+08    3.54068e+08    3.23292e+08    2.6872e+08     2.45367e+08    
11800     2.65368e+09    8.98304e+08    5.75639e+08    4.96806e+08    4.2152e+08     3.79659e+08    3.4656e+08     2.8761e+08     2.62315e+08    
11900     2.78686e+09    9.60507e+08    6.16022e+08    5.31614e+08    4.51105e+08    4.06251e+08    3.70716e+08    3.07229e+08    2.79972e+08    
12000     2.92522e+09    1.02578e+09    6.58763e+08    5.6847e+08     4.82479e+08    4.34478e+08    3.96377e+08    3.28089e+08    2.98747e+08    
12100     3.0687e+09     1.09398e+09    7.03771e+08    6.07278e+08    5.15537e+08    4.64231e+08    4.23433e+08    3.50092e+08    3.18562e+08    
12200     3.21775e+09    1.16546e+09    7.51472e+08    6.48459e+08    5.50685e+08    4.95914e+08    4.52281e+08    3.73602e+08    3.39747e+08    
12300     3.37194e+09    1.23972e+09    8.01443e+08    6.91588e+08    5.87493e+08    5.29095e+08    4.82488e+08    3.98211e+08    3.61933e+08    
12400     3.53149e+09    1.3169e+09     8.53886e+08    7.3687e+08     6.26156e+08    5.63968e+08    5.14251e+08    4.24122e+08    3.85323e+08    
12500     3.69721e+09    1.39774e+09    9.09639e+08    7.85144e+08    6.67494e+08    6.01339e+08    5.48346e+08    4.51939e+08    4.10363e+08    
12600     3.86801e+09    1.48109e+09    9.67626e+08    8.35348e+08    7.10448e+08    6.40167e+08    5.83766e+08    4.8089e+08     4.36516e+08    
12700     4.04454e+09    1.56753e+09    1.02851e+09    8.88157e+08    7.55679e+08    6.81104e+08    6.21146e+08    5.11491e+08    4.64176e+08    
12800     4.22655e+09    1.65676e+09    1.09208e+09    9.43368e+08    8.02985e+08    7.23949e+08    6.60289e+08    5.4358e+08     4.93224e+08    
12900     4.41442e+09    1.74912e+09    1.15872e+09    1.0014e+09     8.52776e+08    7.69109e+08    7.01594e+08    5.77487e+08    5.23922e+08    
13000     4.60772e+09    1.84412e+09    1.22803e+09    1.06186e+09    9.0467e+08     8.16207e+08    7.44697e+08    6.12931e+08    5.56073e+08    
13100     4.80667e+09    1.94196e+09    1.30024e+09    1.125e+09      9.58919e+08    8.65493e+08    7.89845e+08    6.5012e+08     5.89845e+08    
13200     5.01147e+09    2.04279e+09    1.37556e+09    1.19105e+09    1.01576e+09    9.17204e+08    8.37273e+08    6.89258e+08    6.2541e+08     
13300     5.22222e+09    2.14668e+09    1.45407e+09    1.26013e+09    1.07533e+09    9.7146e+08     8.87094e+08    7.30394e+08    6.62764e+08    
13400     5.43821e+09    2.25292e+09    1.53507e+09    1.33157e+09    1.13696e+09    1.02762e+09    9.38705e+08    7.7314e+08     7.01714e+08    
13500     5.66004e+09    2.36207e+09    1.61913e+09    1.40594e+09    1.20126e+09    1.08629e+09    9.92687e+08    8.1795e+08     7.42588e+08    
13600     5.88774e+09    2.47413e+09    1.70622e+09    1.48327e+09    1.26826e+09    1.1475e+09     1.04909e+09    8.64931e+08    7.8554e+08     
13700     6.12108e+09    2.58887e+09    1.79607e+09    1.56331e+09    1.33776e+09    1.21103e+09    1.10769e+09    9.1379e+08     8.30223e+08    
13800     6.35985e+09    2.70605e+09    1.88843e+09    1.64583e+09    1.40952e+09    1.27668e+09    1.16831e+09    9.64472e+08    8.76689e+08    
13900     6.60439e+09    2.826e+09      1.98356e+09    1.73112e+09    1.4839e+09     1.34478e+09    1.23127e+09    1.01725e+09    9.25152e+08    
14000     6.85499e+09    2.94898e+09    2.08164e+09    1.8194e+09     1.56111e+09    1.41558e+09    1.29681e+09    1.07232e+09    9.75772e+08    
14100     7.1117e+09     3.07504e+09    2.18267e+09    1.91069e+09    1.64121e+09    1.48911e+09    1.36497e+09    1.12969e+09    1.02851e+09    
14200     7.37385e+09    3.2035e+09     2.28588e+09    2.00424e+09    1.7235e+09     1.5647e+09     1.43512e+09    1.18899e+09    1.08323e+09    
14300     7.64205e+09    3.33498e+09    2.3918e+09     2.10061e+09    1.80853e+09    1.64293e+09    1.5078e+09     1.25059e+09    1.14016e+09    
14400     7.9165e+09     3.46965e+09    2.50053e+09    2.1999e+09     1.89647e+09    1.72394e+09    1.58318e+09    1.31467e+09    1.19944e+09    
14500     8.19675e+09    3.60708e+09    2.61155e+09    2.30162e+09    1.98682e+09    1.80729e+09    1.66082e+09    1.3809e+09     1.26089e+09    
14600     8.48339e+09    3.74788e+09    2.7254e+09     2.40628e+09    2.08016e+09    1.89352e+09    1.74126e+09    1.44977e+09    1.32487e+09    
14700     8.77631e+09    3.89198e+09    2.8419e+09     2.51374e+09    2.17633e+09    1.98253e+09    1.8244e+09     1.52112e+09    1.39122e+09    
14800     9.07505e+09    4.03893e+09    2.96055e+09    2.62347e+09    2.27486e+09    2.07384e+09    1.90978e+09    1.59468e+09    1.45982e+09    
14900     9.38001e+09    4.1892e+09     3.08175e+09    2.73586e+09    2.37614e+09    2.16786e+09    1.99782e+09    1.6708e+09     1.53091e+09    
15000     9.6912e+09     4.34285e+09    3.20549e+09    2.85087e+09    2.48017e+09    2.2646e+09     2.08852e+09    1.7495e+09     1.60455e+09    
15100     1.00097e+10    4.50102e+09    3.33285e+09    2.96957e+09    2.588e+09      2.36512e+09    2.18291e+09    1.83148e+09    1.68115e+09    
15200     1.03333e+10    4.66165e+09    3.46172e+09    3.08983e+09    2.69754e+09    2.46738e+09    2.27905e+09    1.91549e+09    1.76002e+09    
15300     1.06631e+10    4.82585e+09    3.59316e+09    3.21268e+09    2.80983e+09    2.57241e+09    2.37793e+09    2.00222e+09    1.84158e+09    
15400     1.09997e+10    4.99438e+09    3.7279e+09     3.33882e+09    2.92555e+09    2.68091e+09    2.48027e+09    2.09235e+09    1.92646e+09    
15500     1.13421e+10    5.16638e+09    3.86505e+09    3.46731e+09    3.04378e+09    2.79196e+09    2.58513e+09    2.18495e+09    2.01376e+09    
15600     1.16902e+10    5.34171e+09    4.00442e+09    3.59796e+09    3.16433e+09    2.9054e+09     2.69241e+09    2.2801e+09     2.10371e+09    
15700     1.20441e+10    5.52079e+09    4.14643e+09    3.73116e+09    3.28755e+09    3.0216e+09     2.80247e+09    2.37811e+09    2.19652e+09    
15800     1.2404e+10     5.70372e+09    4.29116e+09    3.86696e+09    3.4135e+09     3.14061e+09    2.91536e+09    2.47902e+09    2.29225e+09    
15900     1.27695e+10    5.89045e+09    4.43852e+09    4.00526e+09    3.54206e+09    3.26232e+09    3.03101e+09    2.58284e+09    2.39094e+09    
16000     1.31414e+10    6.08158e+09    4.58914e+09    4.14667e+09    3.67379e+09    3.38731e+09    3.14996e+09    2.68995e+09    2.49284e+09    
16100     1.35186e+10    6.27632e+09    4.7422e+09     4.29034e+09    3.80786e+09    3.51475e+09    3.27144e+09    2.79981e+09    2.59761e+09    
16200     1.39015e+10    6.47495e+09    4.89799e+09    4.43658e+09    3.94452e+09    3.6449e+09     3.39571e+09    2.91268e+09    2.70549e+09    
16300     1.42901e+10    6.67757e+09    5.05661e+09    4.58545e+09    4.08383e+09    3.77782e+09    3.52283e+09    3.02858e+09    2.81648e+09    
16400     1.46844e+10    6.88418e+09    5.21806e+09    4.73697e+09    4.22577e+09    3.91348e+09    3.6528e+09     3.14756e+09    2.93065e+09    
16500     1.50844e+10    7.09484e+09    5.38241e+09    4.89118e+09    4.37036e+09    4.0519e+09     3.78563e+09    3.26964e+09    3.04805e+09    
16600     1.54911e+10    7.31033e+09    5.5504e+09     5.04884e+09    4.51832e+09    4.19378e+09    3.92199e+09    3.39526e+09    3.16889e+09    
16700     1.59029e+10    7.52914e+09    5.72056e+09    5.20847e+09    4.66817e+09    4.33768e+09    4.06052e+09    3.52359e+09    3.29282e+09    
16800     1.63217e+10    7.75293e+09    5.89449e+09    5.37165e+09    4.82145e+09    4.48509e+09    4.20266e+09    3.65569e+09    3.42054e+09    
16900     1.67464e+10    7.9805e+09     6.07099e+09    5.53719e+09    4.97697e+09    4.63482e+09    4.34724e+09    3.79059e+09    3.55132e+09    
17000     1.71776e+10    8.21239e+09    6.25053e+09    5.70557e+09    5.13517e+09    4.78731e+09    4.4947e+09     3.92872e+09    3.68554e+09    
17100     1.76159e+10    8.44881e+09    6.43329e+09    5.87694e+09    5.2962e+09     4.94269e+09    4.64516e+09    4.07015e+09    3.82327e+09    
17200     1.80614e+10    8.68992e+09    6.61936e+09    6.05139e+09    5.46013e+09    5.10101e+09    4.79866e+09    4.21495e+09    3.96456e+09    
17300     1.85147e+10    8.93588e+09    6.80882e+09    6.22898e+09    5.62702e+09    5.26232e+09    4.95525e+09    4.36313e+09    4.10945e+09    
17400     1.89762e+10    9.18688e+09    7.00175e+09    6.40981e+09    5.79695e+09    5.42666e+09    5.11496e+09    4.51476e+09    4.25801e+09    
17500     1.94463e+10    9.44314e+09    7.19829e+09    6.59396e+09    5.97e+09       5.59412e+09    5.27787e+09    4.66987e+09    4.41029e+09    
17600     1.99256e+10    9.70489e+09    7.39853e+09    6.78153e+09    6.14626e+09    5.76477e+09    5.44403e+09    4.82852e+09    4.56633e+09    
17700     2.04146e+10    9.97237e+09    7.60261e+09    6.97263e+09    6.32584e+09    5.93867e+09    5.6135e+09     4.99076e+09    4.72618e+09    
17800     2.0914e+10     1.02459e+10    7.81065e+09    7.16737e+09    6.50882e+09    6.11592e+09    5.78636e+09    5.15663e+09    4.88989e+09    
17900     2.14242e+10    1.05256e+10    8.02277e+09    7.36583e+09    6.69532e+09    6.29659e+09    5.96265e+09    5.32619e+09    5.0575e+09     
18000     2.1946e+10     1.0812e+10     8.23911e+09    7.56814e+09    6.88542e+09    6.48077e+09    6.14247e+09    5.49947e+09    5.22905e+09    
18100     2.24799e+10    1.11051e+10    8.45979e+09    7.77439e+09    7.07923e+09    6.66852e+09    6.32586e+09    5.67651e+09    5.40457e+09    
18200     2.30265e+10    1.14054e+10    8.68492e+09    7.98467e+09    7.27681e+09    6.85992e+09    6.51285e+09    5.85733e+09    5.58406e+09    
18300     2.35865e+10    1.17132e+10    8.91464e+09    8.19911e+09    7.47828e+09    7.05505e+09    6.70355e+09    6.04198e+09    5.76756e+09    
18400     2.41606e+10    1.20286e+10    9.14908e+09    8.41781e+09    7.68372e+09    7.25399e+09    6.89799e+09    6.23047e+09    5.95506e+09    
18500     2.47491e+10    1.23519e+10    9.38822e+09    8.64072e+09    7.89309e+09    7.45667e+09    7.09609e+09    6.42274e+09    6.14652e+09    
18600     2.53517e+10    1.26823e+10    9.63121e+09    8.867e+09      8.1055e+09     7.66221e+09    7.29696e+09    6.61791e+09    6.3411e+09     
18700     2.59712e+10    1.30223e+10    9.88025e+09    9.0988e+09     8.32308e+09    7.87271e+09    7.50266e+09    6.81781e+09    6.54042e+09    
18800     2.66062e+10    1.33703e+10    1.01337e+10    9.33452e+09    8.54421e+09    8.08654e+09    7.71158e+09    7.02111e+09    6.74339e+09    
18900     2.72585e+10    1.37277e+10    1.03929e+10    9.5753e+09     8.77001e+09    8.3048e+09     7.92475e+09    7.22843e+09    6.95031e+09    
19000     2.79279e+10    1.40941e+10    1.06571e+10    9.82059e+09    8.99987e+09    8.52689e+09    8.14158e+09    7.43935e+09    7.1609e+09     
19100     2.86148e+10    1.44695e+10    1.09263e+10    1.00703e+10    9.23369e+09    8.75268e+09    8.36192e+09    7.6537e+09     7.37498e+09    
19200     2.93194e+10    1.48541e+10    1.12006e+10    1.03244e+10    9.47144e+09    8.98215e+09    8.58574e+09    7.87141e+09    7.59245e+09    
19300     3.00419e+10    1.52476e+10    1.14797e+10    1.05826e+10    9.71277e+09    9.2149e+09     8.81264e+09    8.09207e+09    7.81291e+09    
19400     3.07828e+10    1.56506e+10    1.1764e+10     1.08452e+10    9.95796e+09    9.45123e+09    9.04288e+09    8.3159e+09     8.03653e+09    
19500     3.15416e+10    1.60622e+10    1.20524e+10    1.11113e+10    1.0206e+10     9.69015e+09    9.27549e+09    8.54205e+09    8.26258e+09    
19600     3.23195e+10    1.64835e+10    1.23461e+10    1.13819e+10    1.0458e+10     9.93261e+09    9.51138e+09    8.77112e+09    8.49141e+09    
19700     3.3116e+10     1.69138e+10    1.26443e+10    1.16561e+10    1.07129e+10    1.01777e+10    9.74966e+09    9.00238e+09    8.72239e+09    
19800     3.39309e+10    1.73528e+10    1.29468e+10    1.19337e+10    1.09705e+10    1.04251e+10    9.98999e+09    9.23546e+09    8.95516e+09    
19900     3.47643e+10    1.78004e+10    1.32533e+10    1.22144e+10    1.12305e+10    1.06747e+10    1.02321e+10    9.47009e+09    9.18942e+09    
20000     3.56162e+10    1.82564e+10    1.35636e+10    1.2498e+10     1.14926e+10    1.09259e+10    1.04757e+10    9.7059e+09     9.42479e+09    
20100     3.64858e+10    1.872e+10      1.3877e+10     1.27836e+10    1.1756e+10     1.1178e+10     1.07199e+10    9.94203e+09    9.66045e+09    
20200     3.73733e+10    1.91913e+10    1.41934e+10    1.30712e+10    1.20207e+10    1.14309e+10    1.09646e+10    1.01785e+10    9.89641e+09    
20300     3.8279e+10     1.96703e+10    1.4513e+10     1.3361e+10     1.22865e+10    1.16846e+10    1.12099e+10    1.04151e+10    1.01323e+10    
20400     3.92016e+10    2.01556e+10    1.48345e+10    1.36515e+10    1.25522e+10    1.19378e+10    1.14543e+10    1.06505e+10    1.0367e+10     
20500     4.0142e+10     2.0648e+10     1.51585e+10    1.39434e+10    1.28185e+10    1.21909e+10    1.16984e+10    1.08853e+10    1.0601e+10     
20600     4.1099e+10     2.11463e+10    1.5484e+10     1.42356e+10    1.3084e+10     1.2443e+10     1.19411e+10    1.11184e+10    1.08331e+10    
20700     4.20726e+10    2.165e+10      1.58105e+10    1.45277e+10    1.33485e+10    1.26935e+10    1.2182e+10     1.13493e+10    1.10629e+10    
20800     4.30623e+10    2.21588e+10    1.61376e+10    1.48193e+10    1.36114e+10    1.29418e+10    1.24205e+10    1.15775e+10    1.12899e+10    
20900     4.40662e+10    2.26705e+10    1.64633e+10    1.51082e+10    1.38705e+10    1.3186e+10     1.26545e+10    1.18011e+10    1.15124e+10    
21000     4.5087e+10     2.31876e+10    1.679e+10      1.53969e+10    1.41284e+10    1.34285e+10    1.28865e+10    1.2022e+10     1.1732e+10     
21100     4.61228e+10    2.3708e+10     1.71158e+10    1.56834e+10    1.43831e+10    1.36671e+10    1.31144e+10    1.22385e+10    1.1947e+10     
21200     4.71733e+10    2.42311e+10    1.744e+10      1.59672e+10    1.46338e+10    1.39014e+10    1.33376e+10    1.245e+10      1.21568e+10    
21300     4.82383e+10    2.47567e+10    1.77624e+10    1.62479e+10    1.48803e+10    1.41308e+10    1.35557e+10    1.26561e+10    1.23611e+10    
21400     4.93176e+10    2.52841e+10    1.80824e+10    1.6525e+10     1.5122e+10     1.4355e+10     1.37683e+10    1.28562e+10    1.25593e+10    
21500     5.04107e+10    2.58127e+10    1.83994e+10    1.67978e+10    1.53582e+10    1.45732e+10    1.39746e+10    1.30497e+10    1.27509e+10    
21600     5.15148e+10    2.63395e+10    1.87102e+10    1.70632e+10    1.55858e+10    1.47822e+10    1.41716e+10    1.32335e+10    1.29328e+10    
21700     5.26349e+10    2.68689e+10    1.90195e+10    1.73258e+10    1.58094e+10    1.49867e+10    1.43637e+10    1.34121e+10    1.31092e+10    
21800     5.37692e+10    2.73991e+10    1.93254e+10    1.75837e+10    1.6027e+10     1.51848e+10    1.45491e+10    1.35836e+10    1.32784e+10    
21900     5.49173e+10    2.79293e+10    1.96269e+10    1.78359e+10    1.62377e+10    1.53755e+10    1.47269e+10    1.3747e+10     1.34393e+10    
22000     5.60792e+10    2.8459e+10     1.99236e+10    1.8082e+10     1.64411e+10    1.55584e+10    1.48966e+10    1.3902e+10     1.35919e+10    
22100     5.72553e+10    2.89884e+10    2.02157e+10    1.83221e+10    1.66373e+10    1.57335e+10    1.50583e+10    1.40486e+10    1.37358e+10    
22200     5.84456e+10    2.95172e+10    2.05027e+10    1.85558e+10    1.68258e+10    1.59006e+10    1.52117e+10    1.41864e+10    1.38709e+10    
22300     5.965e+10      3.00448e+10    2.0784e+10     1.87824e+10    1.70061e+10    1.60589e+10    1.53561e+10    1.43149e+10    1.39966e+10    
22400     6.08698e+10    3.05722e+10    2.10605e+10    1.90028e+10    1.71789e+10    1.62093e+10    1.54924e+10    1.44349e+10    1.41136e+10    
22500     6.21041e+10    3.1098e+10     2.13308e+10    1.92156e+10    1.73429e+10    1.63506e+10    1.56192e+10    1.45449e+10    1.42207e+10    
22600     6.3355e+10     3.1624e+10     2.15964e+10    1.94224e+10    1.74997e+10    1.64841e+10    1.57381e+10    1.46467e+10    1.43192e+10    
22700     6.46225e+10    3.21499e+10    2.1857e+10     1.96227e+10    1.76488e+10    1.66096e+10    1.58486e+10    1.47396e+10    1.44089e+10    
22800     6.59073e+10    3.2676e+10     2.21127e+10    1.98166e+10    1.77904e+10    1.67271e+10    1.5951e+10     1.48239e+10    1.44898e+10    
22900     6.72092e+10    3.32015e+10    2.23627e+10    2.00034e+10    1.79237e+10    1.6836e+10     1.60443e+10    1.48989e+10    1.45614e+10    
23000     6.85297e+10    3.37279e+10    2.26082e+10    2.01841e+10    1.80499e+10    1.69373e+10    1.613e+10      1.49658e+10    1.46246e+10    
23100     6.98698e+10    3.42557e+10    2.28495e+10    2.03592e+10    1.81692e+10    1.70314e+10    1.62081e+10    1.50246e+10    1.46797e+10    
23200     7.12299e+10    3.4785e+10     2.30866e+10    2.05285e+10    1.82817e+10    1.71184e+10    1.62788e+10    1.50756e+10    1.47268e+10    
23300     7.26108e+10    3.53161e+10    2.33197e+10    2.06923e+10    1.83876e+10    1.71984e+10    1.63422e+10    1.51189e+10    1.47661e+10    
23400     7.40126e+10    3.58493e+10    2.35485e+10    2.08503e+10    1.84866e+10    1.72711e+10    1.63981e+10    1.51543e+10    1.47975e+10    
23500     7.54378e+10    3.63865e+10    2.37751e+10    2.10046e+10    1.85809e+10    1.73388e+10    1.64485e+10    1.51838e+10    1.48227e+10    
23600     7.68864e+10    3.69276e+10    2.3999e+10     2.11546e+10    1.86697e+10    1.74006e+10    1.64929e+10    1.52068e+10    1.48414e+10    
23700     7.83594e+10    3.74734e+10    2.42208e+10    2.13009e+10    1.87539e+10    1.74575e+10    1.6532e+10     1.52241e+10    1.48542e+10    
23800     7.98573e+10    3.80244e+10    2.44406e+10    2.14437e+10    1.88336e+10    1.75094e+10    1.65659e+10    1.52357e+10    1.48612e+10    
23900     8.13813e+10    3.85815e+10    2.46591e+10    2.15837e+10    1.89094e+10    1.75572e+10    1.65952e+10    1.52425e+10    1.48632e+10    
24000     8.29323e+10    3.91457e+10    2.48772e+10    2.17215e+10    1.89821e+10    1.76015e+10    1.66208e+10    1.52449e+10    1.48608e+10    
24100     8.4511e+10     3.97176e+10    2.5095e+10     2.18576e+10    1.90521e+10    1.76426e+10    1.66429e+10    1.52434e+10    1.48543e+10    
24200     8.61175e+10    4.02972e+10    2.53126e+10    2.19918e+10    1.91192e+10    1.76805e+10    1.66614e+10    1.5238e+10     1.48438e+10    
24300     8.77525e+10    4.08857e+10    2.55304e+10    2.21247e+10    1.9184e+10     1.77157e+10    1.66769e+10    1.52291e+10    1.48297e+10    
24400     8.94183e+10    4.1485e+10     2.57505e+10    2.22583e+10    1.92485e+10    1.77502e+10    1.66914e+10    1.52187e+10    1.48139e+10    
24500     9.11144e+10    4.20951e+10    2.59724e+10    2.2392e+10     1.93121e+10    1.77834e+10    1.67043e+10    1.52063e+10    1.4796e+10     
24600     9.28363e+10    4.27114e+10    2.61914e+10    2.25212e+10    1.93704e+10    1.78108e+10    1.67111e+10    1.51874e+10    1.47716e+10    
24700     9.45949e+10    4.33453e+10    2.64185e+10    2.26569e+10    1.9434e+10     1.78431e+10    1.67225e+10    1.51725e+10    1.4751e+10     
24800     9.63854e+10    4.3992e+10     2.66489e+10    2.27941e+10    1.94982e+10    1.78756e+10    1.67337e+10    1.5157e+10     1.47296e+10    
24900     9.82084e+10    4.46526e+10    2.68831e+10    2.29335e+10    1.95638e+10    1.79088e+10    1.67454e+10    1.51415e+10    1.47081e+10    
25000     1.00064e+11    4.53274e+10    2.71217e+10    2.30755e+10    1.96309e+10    1.79432e+10    1.67579e+10    1.51263e+10    1.46868e+10    
25100     1.01953e+11    4.60174e+10    2.73651e+10    2.32207e+10    1.97001e+10    1.79791e+10    1.67717e+10    1.5112e+10     1.46662e+10    
25200     1.03875e+11    4.6723e+10     2.76137e+10    2.33693e+10    1.97718e+10    1.80171e+10    1.67871e+10    1.50988e+10    1.46467e+10    
25300     1.05829e+11    4.74436e+10    2.78668e+10    2.35205e+10    1.98452e+10    1.80562e+10    1.68034e+10    1.50861e+10    1.46275e+10    
25400     1.07818e+11    4.8182e+10     2.81271e+10    2.36772e+10    1.9923e+10     1.8099e+10     1.68231e+10    1.50763e+10    1.46111e+10    
25500     1.09839e+11    4.89366e+10    2.83928e+10    2.38374e+10    2.00033e+10    1.81439e+10    1.68445e+10    1.50679e+10    1.4596e+10     
25600     1.11895e+11    4.97103e+10    2.86667e+10    2.40039e+10    2.00889e+10    1.81935e+10    1.68703e+10    1.50632e+10    1.45845e+10    
25700     1.13985e+11    5.05021e+10    2.89479e+10    2.41758e+10    2.01788e+10    1.82468e+10    1.68995e+10    1.50615e+10    1.45758e+10    
25800     1.16108e+11    5.13124e+10    2.92366e+10    2.43533e+10    2.02731e+10    1.8304e+10     1.69322e+10    1.50628e+10    1.457e+10      
25900     1.18264e+11    5.21416e+10    2.95336e+10    2.4537e+10     2.03727e+10    1.83658e+10    1.69691e+10    1.5068e+10     1.45679e+10    
26000     1.20453e+11    5.299e+10      2.9839e+10     2.4727e+10     2.04774e+10    1.84322e+10    1.70103e+10    1.50769e+10    1.45694e+10    
26100     1.22674e+11    5.38579e+10    3.01528e+10    2.49235e+10    2.05875e+10    1.85033e+10    1.70558e+10    1.50898e+10    1.45748e+10    
26200     1.24927e+11    5.47451e+10    3.04756e+10    2.51268e+10    2.07032e+10    1.85794e+10    1.7106e+10     1.51069e+10    1.45843e+10    
26300     1.27213e+11    5.56524e+10    3.08078e+10    2.53374e+10    2.0825e+10     1.86609e+10    1.71613e+10    1.51287e+10    1.45982e+10    
26400     1.29529e+11    5.65797e+10    3.11495e+10    2.55554e+10    2.09529e+10    1.8748e+10     1.72217e+10    1.51552e+10    1.46168e+10    
26500     1.31875e+11    5.75258e+10    3.14998e+10    2.57799e+10    2.10861e+10    1.88397e+10    1.72864e+10    1.51856e+10    1.46392e+10    
26600     1.34253e+11    5.84929e+10    3.1861e+10     2.6013e+10     2.12266e+10    1.89382e+10    1.73575e+10    1.52219e+10    1.46673e+10    
26700     1.3666e+11     5.94799e+10    3.22323e+10    2.62541e+10    2.13737e+10    1.90426e+10    1.74342e+10    1.52634e+10    1.47005e+10    
26800     1.39096e+11    6.04873e+10    3.2614e+10     2.65034e+10    2.15277e+10    1.91533e+10    1.75167e+10    1.53103e+10    1.47389e+10    
26900     1.4156e+11     6.15144e+10    3.30063e+10    2.67611e+10    2.16885e+10    1.92703e+10    1.76052e+10    1.53628e+10    1.47828e+10    
27000     1.44052e+11    6.25613e+10    3.34091e+10    2.70272e+10    2.18563e+10    1.93936e+10    1.76997e+10    1.54208e+10    1.48321e+10    
27100     1.4657e+11     6.3628e+10     3.38226e+10    2.7302e+10     2.20311e+10    1.95234e+10    1.78002e+10    1.54846e+10    1.48871e+10    
27200     1.49114e+11    6.47141e+10    3.4247e+10     2.75854e+10    2.2213e+10     1.96597e+10    1.7907e+10     1.55542e+10    1.49476e+10    
27300     1.51684e+11    6.58196e+10    3.46823e+10    2.78776e+10    2.24021e+10    1.98026e+10    1.802e+10      1.56296e+10    1.50139e+10    
27400     1.54278e+11    6.6944e+10     3.51283e+10    2.81785e+10    2.25982e+10    1.9952e+10     1.81392e+10    1.57107e+10    1.50858e+10    
27500     1.56895e+11    6.80873e+10    3.55856e+10    2.84887e+10    2.28017e+10    2.01084e+10    1.82649e+10    1.5798e+10     1.51638e+10    
27600     1.59535e+11    6.92492e+10    3.60539e+10    2.8808e+10     2.30126e+10    2.02715e+10    1.83971e+10    1.58914e+10    1.52477e+10    
27700     1.62196e+11    7.04292e+10    3.65333e+10    2.91365e+10    2.32308e+10    2.04415e+10    1.85359e+10    1.59909e+10    1.53376e+10    
27800     1.64878e+11    7.16271e+10    3.70236e+10    2.9474e+10     2.34562e+10    2.06181e+10    1.8681e+10     1.60964e+10    1.54334e+10    
27900     1.6758e+11     7.28426e+10    3.7525e+10     2.98209e+10    2.36891e+10    2.08018e+10    1.88328e+10    1.62082e+10    1.55353e+10    
28000     1.70301e+11    7.40752e+10    3.80374e+10    3.0177e+10     2.39293e+10    2.09923e+10    1.89912e+10    1.63262e+10    1.56433e+10    
28100     1.73039e+11    7.53243e+10    3.85608e+10    3.05424e+10    2.41768e+10    2.11896e+10    1.91562e+10    1.64503e+10    1.57574e+10    
28200     1.75795e+11    7.65897e+10    3.9095e+10     3.09171e+10    2.44317e+10    2.13938e+10    1.93276e+10    1.65805e+10    1.58775e+10    
28300     1.78566e+11    7.78712e+10    3.96401e+10    3.13012e+10    2.4694e+10     2.1605e+10     1.95059e+10    1.67172e+10    1.60039e+10    
28400     1.81352e+11    7.9167e+10     4.01949e+10    3.16936e+10    2.49627e+10    2.18219e+10    1.96898e+10    1.6859e+10     1.61354e+10    
28500     1.84152e+11    8.04787e+10    4.07615e+10    3.20963e+10    2.52398e+10    2.20469e+10    1.98813e+10    1.70081e+10    1.62741e+10    
28600     1.86966e+11    8.1805e+10     4.13385e+10    3.25083e+10    2.55244e+10    2.22788e+10    2.00796e+10    1.71635e+10    1.64189e+10    
28700     1.89791e+11    8.3145e+10     4.19259e+10    3.29296e+10    2.58163e+10    2.25175e+10    2.02844e+10    1.73251e+10    1.65699e+10    
28800     1.92628e+11    8.44985e+10    4.25236e+10    3.33599e+10    2.61155e+10    2.2763e+10     2.04959e+10    1.7493e+10     1.67271e+10    
28900     1.95474e+11    8.58649e+10    4.31312e+10    3.37993e+10    2.6422e+10     2.30153e+10    2.07139e+10    1.7667e+10     1.68903e+10    
29000     1.98329e+11    8.72435e+10    4.37489e+10    3.42478e+10    2.67359e+10    2.32744e+10    2.09385e+10    1.78473e+10    1.70596e+10    
29100     2.01192e+11    8.86341e+10    4.43761e+10    3.47052e+10    2.70572e+10    2.35403e+10    2.11697e+10    1.80337e+10    1.72351e+10    
29200     2.04063e+11    9.00358e+10    4.50129e+10    3.51714e+10    2.73857e+10    2.38129e+10    2.14074e+10    1.82264e+10    1.74167e+10    
29300     2.06939e+11    9.14484e+10    4.56588e+10    3.56463e+10    2.77215e+10    2.40922e+10    2.16516e+10    1.84251e+10    1.76043e+10    
29400     2.09819e+11    9.28708e+10    4.63136e+10    3.61296e+10    2.80643e+10    2.43779e+10    2.1902e+10     1.86298e+10    1.77978e+10    
29500     2.12704e+11    9.43027e+10    4.69772e+10    3.66215e+10    2.84144e+10    2.46704e+10    2.21589e+10    1.88406e+10    1.79974e+10    
29600     2.15591e+11    9.57442e+10    4.76496e+10    3.71219e+10    2.8772e+10     2.49697e+10    2.24224e+10    1.90577e+10    1.82032e+10    
29700     2.18481e+11    9.71942e+10    4.83303e+10    3.76306e+10    2.91367e+10    2.52756e+10    2.26923e+10    1.92809e+10    1.8415e+10     
29800     2.21371e+11    9.86523e+10    4.90189e+10    3.81472e+10    2.95087e+10    2.55881e+10    2.29685e+10    1.95101e+10    1.86328e+10    
29900     2.24262e+11    1.00118e+11    4.97153e+10    3.86718e+10    2.98878e+10    2.59072e+10    2.32509e+10    1.97454e+10    1.88566e+10    
30000     2.27151e+11    1.01591e+11    5.04192e+10    3.92042e+10    3.0274e+10     2.62328e+10    2.35396e+10    1.99866e+10    1.90863e+10    
