r(cm)          U(V)           Ne(m^-3)       
0              -10000         1.001e+15      
0.001001       -9989.99       1.00099e+15    
0.002002       -9979.98       1.00097e+15    
0.003003       -9969.97       1.00093e+15    
0.004004       -9959.96       1.00087e+15    
0.00500501     -9949.95       1.0008e+15     
0.00600601     -9939.94       1.00071e+15    
0.00700701     -9929.93       1.00061e+15    
0.00800801     -9919.92       1.00049e+15    
0.00900901     -9909.91       1.00035e+15    
0.01001        -9899.9        1.0002e+15     
0.011011       -9889.89       1.00003e+15    
0.012012       -9879.88       9.99846e+14    
0.013013       -9869.87       9.99646e+14    
0.014014       -9859.86       9.9943e+14     
0.015015       -9849.85       9.99198e+14    
0.016016       -9839.84       9.9895e+14     
0.017017       -9829.83       9.98686e+14    
0.018018       -9819.82       9.98406e+14    
0.019019       -9809.81       9.9811e+14     
0.02002        -9799.8        9.97799e+14    
0.021021       -9789.79       9.97471e+14    
0.022022       -9779.78       9.97128e+14    
0.023023       -9769.77       9.96769e+14    
0.024024       -9759.76       9.96393e+14    
0.025025       -9749.75       9.96003e+14    
0.026026       -9739.74       9.95596e+14    
0.027027       -9729.73       9.95173e+14    
0.028028       -9719.72       9.94735e+14    
0.029029       -9709.71       9.94281e+14    
0.03003        -9699.7        9.93812e+14    
0.031031       -9689.69       9.93326e+14    
0.032032       -9679.68       9.92825e+14    
0.033033       -9669.67       9.92309e+14    
0.034034       -9659.66       9.91776e+14    
0.035035       -9649.65       9.91228e+14    
0.036036       -9639.64       9.90665e+14    
0.037037       -9629.63       9.90086e+14    
0.038038       -9619.62       9.89492e+14    
0.039039       -9609.61       9.88882e+14    
0.04004        -9599.6        9.88256e+14    
0.041041       -9589.59       9.87615e+14    
0.042042       -9579.58       9.86959e+14    
0.043043       -9569.57       9.86288e+14    
0.044044       -9559.56       9.85601e+14    
0.045045       -9549.55       9.84899e+14    
0.046046       -9539.54       9.84181e+14    
0.047047       -9529.53       9.83448e+14    
0.048048       -9519.52       9.82701e+14    
0.049049       -9509.51       9.81938e+14    
0.0500501      -9499.5        9.81159e+14    
0.0510511      -9489.49       9.80366e+14    
0.0520521      -9479.48       9.79558e+14    
0.0530531      -9469.47       9.78735e+14    
0.0540541      -9459.46       9.77896e+14    
0.0550551      -9449.45       9.77043e+14    
0.0560561      -9439.44       9.76175e+14    
0.0570571      -9429.43       9.75292e+14    
0.0580581      -9419.42       9.74394e+14    
0.0590591      -9409.41       9.73482e+14    
0.0600601      -9399.4        9.72555e+14    
0.0610611      -9389.39       9.71613e+14    
0.0620621      -9379.38       9.70656e+14    
0.0630631      -9369.37       9.69685e+14    
0.0640641      -9359.36       9.687e+14      
0.0650651      -9349.35       9.67699e+14    
0.0660661      -9339.34       9.66685e+14    
0.0670671      -9329.33       9.65656e+14    
0.0680681      -9319.32       9.64612e+14    
0.0690691      -9309.31       9.63555e+14    
0.0700701      -9299.3        9.62483e+14    
0.0710711      -9289.29       9.61397e+14    
0.0720721      -9279.28       9.60297e+14    
0.0730731      -9269.27       9.59182e+14    
0.0740741      -9259.26       9.58054e+14    
0.0750751      -9249.25       9.56911e+14    
0.0760761      -9239.24       9.55755e+14    
0.0770771      -9229.23       9.54585e+14    
0.0780781      -9219.22       9.53401e+14    
0.0790791      -9209.21       9.52203e+14    
0.0800801      -9199.2        9.50991e+14    
0.0810811      -9189.19       9.49766e+14    
0.0820821      -9179.18       9.48527e+14    
0.0830831      -9169.17       9.47275e+14    
0.0840841      -9159.16       9.46009e+14    
0.0850851      -9149.15       9.44729e+14    
0.0860861      -9139.14       9.43437e+14    
0.0870871      -9129.13       9.42131e+14    
0.0880881      -9119.12       9.40811e+14    
0.0890891      -9109.11       9.39479e+14    
0.0900901      -9099.1        9.38133e+14    
0.0910911      -9089.09       9.36775e+14    
0.0920921      -9079.08       9.35403e+14    
0.0930931      -9069.07       9.34018e+14    
0.0940941      -9059.06       9.32621e+14    
0.0950951      -9049.05       9.3121e+14     
0.0960961      -9039.04       9.29787e+14    
0.0970971      -9029.03       9.28351e+14    
0.0980981      -9019.02       9.26903e+14    
0.0990991      -9009.01       9.25442e+14    
0.1001         -8999          9.23968e+14    
0.101101       -8988.99       9.22483e+14    
0.102102       -8978.98       9.20984e+14    
0.103103       -8968.97       9.19474e+14    
0.104104       -8958.96       9.17951e+14    
0.105105       -8948.95       9.16416e+14    
0.106106       -8938.94       9.14869e+14    
0.107107       -8928.93       9.1331e+14     
0.108108       -8918.92       9.11739e+14    
0.109109       -8908.91       9.10156e+14    
0.11011        -8898.9        9.08562e+14    
0.111111       -8888.89       9.06955e+14    
0.112112       -8878.88       9.05337e+14    
0.113113       -8868.87       9.03708e+14    
0.114114       -8858.86       9.02066e+14    
0.115115       -8848.85       9.00414e+14    
0.116116       -8838.84       8.9875e+14     
0.117117       -8828.83       8.97075e+14    
0.118118       -8818.82       8.95388e+14    
0.119119       -8808.81       8.93691e+14    
0.12012        -8798.8        8.91982e+14    
0.121121       -8788.79       8.90263e+14    
0.122122       -8778.78       8.88532e+14    
0.123123       -8768.77       8.86791e+14    
0.124124       -8758.76       8.85039e+14    
0.125125       -8748.75       8.83276e+14    
0.126126       -8738.74       8.81503e+14    
0.127127       -8728.73       8.79719e+14    
0.128128       -8718.72       8.77924e+14    
0.129129       -8708.71       8.7612e+14     
0.13013        -8698.7        8.74305e+14    
0.131131       -8688.69       8.72479e+14    
0.132132       -8678.68       8.70644e+14    
0.133133       -8668.67       8.68799e+14    
0.134134       -8658.66       8.66943e+14    
0.135135       -8648.65       8.65078e+14    
0.136136       -8638.64       8.63203e+14    
0.137137       -8628.63       8.61318e+14    
0.138138       -8618.62       8.59424e+14    
0.139139       -8608.61       8.5752e+14     
0.14014        -8598.6        8.55607e+14    
0.141141       -8588.59       8.53684e+14    
0.142142       -8578.58       8.51752e+14    
0.143143       -8568.57       8.4981e+14     
0.144144       -8558.56       8.4786e+14     
0.145145       -8548.55       8.459e+14      
0.146146       -8538.54       8.43932e+14    
0.147147       -8528.53       8.41954e+14    
0.148148       -8518.52       8.39968e+14    
0.149149       -8508.51       8.37973e+14    
0.15015        -8498.5        8.35969e+14    
0.151151       -8488.49       8.33957e+14    
0.152152       -8478.48       8.31936e+14    
0.153153       -8468.47       8.29907e+14    
0.154154       -8458.46       8.2787e+14     
0.155155       -8448.45       8.25824e+14    
0.156156       -8438.44       8.23771e+14    
0.157157       -8428.43       8.21709e+14    
0.158158       -8418.42       8.19639e+14    
0.159159       -8408.41       8.17561e+14    
0.16016        -8398.4        8.15476e+14    
0.161161       -8388.39       8.13383e+14    
0.162162       -8378.38       8.11282e+14    
0.163163       -8368.37       8.09174e+14    
0.164164       -8358.36       8.07058e+14    
0.165165       -8348.35       8.04935e+14    
0.166166       -8338.34       8.02805e+14    
0.167167       -8328.33       8.00668e+14    
0.168168       -8318.32       7.98523e+14    
0.169169       -8308.31       7.96372e+14    
0.17017        -8298.3        7.94213e+14    
0.171171       -8288.29       7.92048e+14    
0.172172       -8278.28       7.89876e+14    
0.173173       -8268.27       7.87697e+14    
0.174174       -8258.26       7.85512e+14    
0.175175       -8248.25       7.83321e+14    
0.176176       -8238.24       7.81122e+14    
0.177177       -8228.23       7.78918e+14    
0.178178       -8218.22       7.76708e+14    
0.179179       -8208.21       7.74491e+14    
0.18018        -8198.2        7.72268e+14    
0.181181       -8188.19       7.70039e+14    
0.182182       -8178.18       7.67805e+14    
0.183183       -8168.17       7.65565e+14    
0.184184       -8158.16       7.63319e+14    
0.185185       -8148.15       7.61067e+14    
0.186186       -8138.14       7.5881e+14     
0.187187       -8128.13       7.56548e+14    
0.188188       -8118.12       7.5428e+14     
0.189189       -8108.11       7.52007e+14    
0.19019        -8098.1        7.49729e+14    
0.191191       -8088.09       7.47446e+14    
0.192192       -8078.08       7.45157e+14    
0.193193       -8068.07       7.42864e+14    
0.194194       -8058.06       7.40566e+14    
0.195195       -8048.05       7.38264e+14    
0.196196       -8038.04       7.35957e+14    
0.197197       -8028.03       7.33645e+14    
0.198198       -8018.02       7.31329e+14    
0.199199       -8008.01       7.29008e+14    
0.2002         -7998          7.26684e+14    
0.201201       -7987.99       7.24355e+14    
0.202202       -7977.98       7.22022e+14    
0.203203       -7967.97       7.19685e+14    
0.204204       -7957.96       7.17344e+14    
0.205205       -7947.95       7.14999e+14    
0.206206       -7937.94       7.12651e+14    
0.207207       -7927.93       7.10299e+14    
0.208208       -7917.92       7.07943e+14    
0.209209       -7907.91       7.05584e+14    
0.21021        -7897.9        7.03221e+14    
0.211211       -7887.89       7.00855e+14    
0.212212       -7877.88       6.98486e+14    
0.213213       -7867.87       6.96114e+14    
0.214214       -7857.86       6.93739e+14    
0.215215       -7847.85       6.91361e+14    
0.216216       -7837.84       6.8898e+14     
0.217217       -7827.83       6.86596e+14    
0.218218       -7817.82       6.8421e+14     
0.219219       -7807.81       6.81821e+14    
0.22022        -7797.8        6.79429e+14    
0.221221       -7787.79       6.77035e+14    
0.222222       -7777.78       6.74638e+14    
0.223223       -7767.77       6.7224e+14     
0.224224       -7757.76       6.69839e+14    
0.225225       -7747.75       6.67436e+14    
0.226226       -7737.74       6.65031e+14    
0.227227       -7727.73       6.62624e+14    
0.228228       -7717.72       6.60215e+14    
0.229229       -7707.71       6.57805e+14    
0.23023        -7697.7        6.55393e+14    
0.231231       -7687.69       6.52979e+14    
0.232232       -7677.68       6.50564e+14    
0.233233       -7667.67       6.48147e+14    
0.234234       -7657.66       6.45729e+14    
0.235235       -7647.65       6.4331e+14     
0.236236       -7637.64       6.40889e+14    
0.237237       -7627.63       6.38467e+14    
0.238238       -7617.62       6.36045e+14    
0.239239       -7607.61       6.33621e+14    
0.24024        -7597.6        6.31197e+14    
0.241241       -7587.59       6.28772e+14    
0.242242       -7577.58       6.26346e+14    
0.243243       -7567.57       6.23919e+14    
0.244244       -7557.56       6.21492e+14    
0.245245       -7547.55       6.19065e+14    
0.246246       -7537.54       6.16637e+14    
0.247247       -7527.53       6.14209e+14    
0.248248       -7517.52       6.11781e+14    
0.249249       -7507.51       6.09352e+14    
0.25025        -7497.5        6.06924e+14    
0.251251       -7487.49       6.04495e+14    
0.252252       -7477.48       6.02067e+14    
0.253253       -7467.47       5.99638e+14    
0.254254       -7457.46       5.9721e+14     
0.255255       -7447.45       5.94783e+14    
0.256256       -7437.44       5.92355e+14    
0.257257       -7427.43       5.89929e+14    
0.258258       -7417.42       5.87502e+14    
0.259259       -7407.41       5.85077e+14    
0.26026        -7397.4        5.82652e+14    
0.261261       -7387.39       5.80228e+14    
0.262262       -7377.38       5.77804e+14    
0.263263       -7367.37       5.75382e+14    
0.264264       -7357.36       5.72961e+14    
0.265265       -7347.35       5.70541e+14    
0.266266       -7337.34       5.68121e+14    
0.267267       -7327.33       5.65704e+14    
0.268268       -7317.32       5.63287e+14    
0.269269       -7307.31       5.60872e+14    
0.27027        -7297.3        5.58458e+14    
0.271271       -7287.29       5.56046e+14    
0.272272       -7277.28       5.53635e+14    
0.273273       -7267.27       5.51226e+14    
0.274274       -7257.26       5.48819e+14    
0.275275       -7247.25       5.46413e+14    
0.276276       -7237.24       5.44009e+14    
0.277277       -7227.23       5.41608e+14    
0.278278       -7217.22       5.39208e+14    
0.279279       -7207.21       5.3681e+14     
0.28028        -7197.2        5.34415e+14    
0.281281       -7187.19       5.32021e+14    
0.282282       -7177.18       5.2963e+14     
0.283283       -7167.17       5.27241e+14    
0.284284       -7157.16       5.24855e+14    
0.285285       -7147.15       5.22471e+14    
0.286286       -7137.14       5.2009e+14     
0.287287       -7127.13       5.17711e+14    
0.288288       -7117.12       5.15335e+14    
0.289289       -7107.11       5.12961e+14    
0.29029        -7097.1        5.10591e+14    
0.291291       -7087.09       5.08223e+14    
0.292292       -7077.08       5.05858e+14    
0.293293       -7067.07       5.03496e+14    
0.294294       -7057.06       5.01137e+14    
0.295295       -7047.05       4.98781e+14    
0.296296       -7037.04       4.96429e+14    
0.297297       -7027.03       4.94079e+14    
0.298298       -7017.02       4.91733e+14    
0.299299       -7007.01       4.8939e+14     
0.3003         -6997          4.87051e+14    
0.301301       -6986.99       4.84715e+14    
0.302302       -6976.98       4.82382e+14    
0.303303       -6966.97       4.80053e+14    
0.304304       -6956.96       4.77728e+14    
0.305305       -6946.95       4.75407e+14    
0.306306       -6936.94       4.73089e+14    
0.307307       -6926.93       4.70775e+14    
0.308308       -6916.92       4.68464e+14    
0.309309       -6906.91       4.66158e+14    
0.31031        -6896.9        4.63856e+14    
0.311311       -6886.89       4.61557e+14    
0.312312       -6876.88       4.59263e+14    
0.313313       -6866.87       4.56973e+14    
0.314314       -6856.86       4.54687e+14    
0.315315       -6846.85       4.52405e+14    
0.316316       -6836.84       4.50128e+14    
0.317317       -6826.83       4.47855e+14    
0.318318       -6816.82       4.45586e+14    
0.319319       -6806.81       4.43321e+14    
0.32032        -6796.8        4.41061e+14    
0.321321       -6786.79       4.38806e+14    
0.322322       -6776.78       4.36555e+14    
0.323323       -6766.77       4.34309e+14    
0.324324       -6756.76       4.32068e+14    
0.325325       -6746.75       4.29831e+14    
0.326326       -6736.74       4.27599e+14    
0.327327       -6726.73       4.25372e+14    
0.328328       -6716.72       4.23149e+14    
0.329329       -6706.71       4.20932e+14    
0.33033        -6696.7        4.1872e+14     
0.331331       -6686.69       4.16512e+14    
0.332332       -6676.68       4.1431e+14     
0.333333       -6666.67       4.12112e+14    
0.334334       -6656.66       4.0992e+14     
0.335335       -6646.65       4.07733e+14    
0.336336       -6636.64       4.05551e+14    
0.337337       -6626.63       4.03375e+14    
0.338338       -6616.62       4.01203e+14    
0.339339       -6606.61       3.99037e+14    
0.34034        -6596.6        3.96877e+14    
0.341341       -6586.59       3.94722e+14    
0.342342       -6576.58       3.92572e+14    
0.343343       -6566.57       3.90428e+14    
0.344344       -6556.56       3.88289e+14    
0.345345       -6546.55       3.86156e+14    
0.346346       -6536.54       3.84028e+14    
0.347347       -6526.53       3.81906e+14    
0.348348       -6516.52       3.7979e+14     
0.349349       -6506.51       3.7768e+14     
0.35035        -6496.5        3.75575e+14    
0.351351       -6486.49       3.73476e+14    
0.352352       -6476.48       3.71383e+14    
0.353353       -6466.47       3.69296e+14    
0.354354       -6456.46       3.67214e+14    
0.355355       -6446.45       3.65139e+14    
0.356356       -6436.44       3.6307e+14     
0.357357       -6426.43       3.61006e+14    
0.358358       -6416.42       3.58949e+14    
0.359359       -6406.41       3.56897e+14    
0.36036        -6396.4        3.54852e+14    
0.361361       -6386.39       3.52813e+14    
0.362362       -6376.38       3.5078e+14     
0.363363       -6366.37       3.48753e+14    
0.364364       -6356.36       3.46732e+14    
0.365365       -6346.35       3.44718e+14    
0.366366       -6336.34       3.42709e+14    
0.367367       -6326.33       3.40708e+14    
0.368368       -6316.32       3.38712e+14    
0.369369       -6306.31       3.36723e+14    
0.37037        -6296.3        3.3474e+14     
0.371371       -6286.29       3.32763e+14    
0.372372       -6276.28       3.30793e+14    
0.373373       -6266.27       3.2883e+14     
0.374374       -6256.26       3.26872e+14    
0.375375       -6246.25       3.24922e+14    
0.376376       -6236.24       3.22978e+14    
0.377377       -6226.23       3.2104e+14     
0.378378       -6216.22       3.19109e+14    
0.379379       -6206.21       3.17184e+14    
0.38038        -6196.2        3.15267e+14    
0.381381       -6186.19       3.13355e+14    
0.382382       -6176.18       3.11451e+14    
0.383383       -6166.17       3.09553e+14    
0.384384       -6156.16       3.07661e+14    
0.385385       -6146.15       3.05777e+14    
0.386386       -6136.14       3.03899e+14    
0.387387       -6126.13       3.02028e+14    
0.388388       -6116.12       3.00164e+14    
0.389389       -6106.11       2.98306e+14    
0.39039        -6096.1        2.96455e+14    
0.391391       -6086.09       2.94612e+14    
0.392392       -6076.08       2.92774e+14    
0.393393       -6066.07       2.90944e+14    
0.394394       -6056.06       2.89121e+14    
0.395395       -6046.05       2.87304e+14    
0.396396       -6036.04       2.85495e+14    
0.397397       -6026.03       2.83692e+14    
0.398398       -6016.02       2.81896e+14    
0.399399       -6006.01       2.80107e+14    
0.4004         -5996          2.78325e+14    
0.401401       -5985.99       2.7655e+14     
0.402402       -5975.98       2.74782e+14    
0.403403       -5965.97       2.73021e+14    
0.404404       -5955.96       2.71267e+14    
0.405405       -5945.95       2.6952e+14     
0.406406       -5935.94       2.6778e+14     
0.407407       -5925.93       2.66047e+14    
0.408408       -5915.92       2.64322e+14    
0.409409       -5905.91       2.62603e+14    
0.41041        -5895.9        2.60891e+14    
0.411411       -5885.89       2.59186e+14    
0.412412       -5875.88       2.57488e+14    
0.413413       -5865.87       2.55798e+14    
0.414414       -5855.86       2.54114e+14    
0.415415       -5845.85       2.52438e+14    
0.416416       -5835.84       2.50768e+14    
0.417417       -5825.83       2.49106e+14    
0.418418       -5815.82       2.47451e+14    
0.419419       -5805.81       2.45803e+14    
0.42042        -5795.8        2.44162e+14    
0.421421       -5785.79       2.42528e+14    
0.422422       -5775.78       2.40902e+14    
0.423423       -5765.77       2.39282e+14    
0.424424       -5755.76       2.3767e+14     
0.425425       -5745.75       2.36065e+14    
0.426426       -5735.74       2.34467e+14    
0.427427       -5725.73       2.32876e+14    
0.428428       -5715.72       2.31292e+14    
0.429429       -5705.71       2.29715e+14    
0.43043        -5695.7        2.28146e+14    
0.431431       -5685.69       2.26584e+14    
0.432432       -5675.68       2.25028e+14    
0.433433       -5665.67       2.2348e+14     
0.434434       -5655.66       2.2194e+14     
0.435435       -5645.65       2.20406e+14    
0.436436       -5635.64       2.18879e+14    
0.437437       -5625.63       2.1736e+14     
0.438438       -5615.62       2.15848e+14    
0.439439       -5605.61       2.14343e+14    
0.44044        -5595.6        2.12845e+14    
0.441441       -5585.59       2.11354e+14    
0.442442       -5575.58       2.0987e+14     
0.443443       -5565.57       2.08394e+14    
0.444444       -5555.56       2.06924e+14    
0.445445       -5545.55       2.05462e+14    
0.446446       -5535.54       2.04007e+14    
0.447447       -5525.53       2.02559e+14    
0.448448       -5515.52       2.01118e+14    
0.449449       -5505.51       1.99684e+14    
0.45045        -5495.5        1.98258e+14    
0.451451       -5485.49       1.96838e+14    
0.452452       -5475.48       1.95426e+14    
0.453453       -5465.47       1.9402e+14     
0.454454       -5455.46       1.92622e+14    
0.455455       -5445.45       1.91231e+14    
0.456456       -5435.44       1.89847e+14    
0.457457       -5425.43       1.8847e+14     
0.458458       -5415.42       1.871e+14      
0.459459       -5405.41       1.85737e+14    
0.46046        -5395.4        1.84381e+14    
0.461461       -5385.39       1.83032e+14    
0.462462       -5375.38       1.8169e+14     
0.463463       -5365.37       1.80355e+14    
0.464464       -5355.36       1.79027e+14    
0.465465       -5345.35       1.77707e+14    
0.466466       -5335.34       1.76393e+14    
0.467467       -5325.33       1.75086e+14    
0.468468       -5315.32       1.73786e+14    
0.469469       -5305.31       1.72493e+14    
0.47047        -5295.3        1.71207e+14    
0.471471       -5285.29       1.69928e+14    
0.472472       -5275.28       1.68656e+14    
0.473473       -5265.27       1.67391e+14    
0.474474       -5255.26       1.66132e+14    
0.475475       -5245.25       1.64881e+14    
0.476476       -5235.24       1.63636e+14    
0.477477       -5225.23       1.62399e+14    
0.478478       -5215.22       1.61168e+14    
0.479479       -5205.21       1.59944e+14    
0.48048        -5195.2        1.58727e+14    
0.481481       -5185.19       1.57516e+14    
0.482482       -5175.18       1.56313e+14    
0.483483       -5165.17       1.55116e+14    
0.484484       -5155.16       1.53926e+14    
0.485485       -5145.15       1.52743e+14    
0.486486       -5135.14       1.51566e+14    
0.487487       -5125.13       1.50396e+14    
0.488488       -5115.12       1.49233e+14    
0.489489       -5105.11       1.48077e+14    
0.49049        -5095.1        1.46927e+14    
0.491491       -5085.09       1.45784e+14    
0.492492       -5075.08       1.44648e+14    
0.493493       -5065.07       1.43518e+14    
0.494494       -5055.06       1.42395e+14    
0.495495       -5045.05       1.41278e+14    
0.496496       -5035.04       1.40168e+14    
0.497497       -5025.03       1.39065e+14    
0.498498       -5015.02       1.37968e+14    
0.499499       -5005.01       1.36878e+14    
0.500501       -4994.99       1.35794e+14    
0.501502       -4984.98       1.34717e+14    
0.502503       -4974.97       1.33646e+14    
0.503504       -4964.96       1.32582e+14    
0.504505       -4954.95       1.31524e+14    
0.505506       -4944.94       1.30473e+14    
0.506507       -4934.93       1.29428e+14    
0.507508       -4924.92       1.28389e+14    
0.508509       -4914.91       1.27357e+14    
0.50951        -4904.9        1.26331e+14    
0.510511       -4894.89       1.25311e+14    
0.511512       -4884.88       1.24298e+14    
0.512513       -4874.87       1.23291e+14    
0.513514       -4864.86       1.2229e+14     
0.514515       -4854.85       1.21296e+14    
0.515516       -4844.84       1.20308e+14    
0.516517       -4834.83       1.19326e+14    
0.517518       -4824.82       1.1835e+14     
0.518519       -4814.81       1.1738e+14     
0.51952        -4804.8        1.16417e+14    
0.520521       -4794.79       1.1546e+14     
0.521522       -4784.78       1.14508e+14    
0.522523       -4774.77       1.13563e+14    
0.523524       -4764.76       1.12624e+14    
0.524525       -4754.75       1.11692e+14    
0.525526       -4744.74       1.10765e+14    
0.526527       -4734.73       1.09844e+14    
0.527528       -4724.72       1.08929e+14    
0.528529       -4714.71       1.0802e+14     
0.52953        -4704.7        1.07117e+14    
0.530531       -4694.69       1.0622e+14     
0.531532       -4684.68       1.05329e+14    
0.532533       -4674.67       1.04444e+14    
0.533534       -4664.66       1.03564e+14    
0.534535       -4654.65       1.02691e+14    
0.535536       -4644.64       1.01823e+14    
0.536537       -4634.63       1.00961e+14    
0.537538       -4624.62       1.00105e+14    
0.538539       -4614.61       9.92549e+13    
0.53954        -4604.6        9.84103e+13    
0.540541       -4594.59       9.75714e+13    
0.541542       -4584.58       9.67382e+13    
0.542543       -4574.57       9.59107e+13    
0.543544       -4564.56       9.50888e+13    
0.544545       -4554.55       9.42725e+13    
0.545546       -4544.54       9.34618e+13    
0.546547       -4534.53       9.26567e+13    
0.547548       -4524.52       9.18572e+13    
0.548549       -4514.51       9.10632e+13    
0.54955        -4504.5        9.02747e+13    
0.550551       -4494.49       8.94916e+13    
0.551552       -4484.48       8.87141e+13    
0.552553       -4474.47       8.7942e+13     
0.553554       -4464.46       8.71752e+13    
0.554555       -4454.45       8.64139e+13    
0.555556       -4444.44       8.5658e+13     
0.556557       -4434.43       8.49074e+13    
0.557558       -4424.42       8.41621e+13    
0.558559       -4414.41       8.34221e+13    
0.55956        -4404.4        8.26874e+13    
0.560561       -4394.39       8.1958e+13     
0.561562       -4384.38       8.12337e+13    
0.562563       -4374.37       8.05147e+13    
0.563564       -4364.36       7.98009e+13    
0.564565       -4354.35       7.90922e+13    
0.565566       -4344.34       7.83886e+13    
0.566567       -4334.33       7.76902e+13    
0.567568       -4324.32       7.69968e+13    
0.568569       -4314.31       7.63085e+13    
0.56957        -4304.3        7.56253e+13    
0.570571       -4294.29       7.4947e+13     
0.571572       -4284.28       7.42738e+13    
0.572573       -4274.27       7.36055e+13    
0.573574       -4264.26       7.29421e+13    
0.574575       -4254.25       7.22837e+13    
0.575576       -4244.24       7.16302e+13    
0.576577       -4234.23       7.09815e+13    
0.577578       -4224.22       7.03377e+13    
0.578579       -4214.21       6.96987e+13    
0.57958        -4204.2        6.90645e+13    
0.580581       -4194.19       6.8435e+13     
0.581582       -4184.18       6.78104e+13    
0.582583       -4174.17       6.71904e+13    
0.583584       -4164.16       6.65752e+13    
0.584585       -4154.15       6.59646e+13    
0.585586       -4144.14       6.53587e+13    
0.586587       -4134.13       6.47574e+13    
0.587588       -4124.12       6.41607e+13    
0.588589       -4114.11       6.35686e+13    
0.58959        -4104.1        6.2981e+13     
0.590591       -4094.09       6.2398e+13     
0.591592       -4084.08       6.18195e+13    
0.592593       -4074.07       6.12455e+13    
0.593594       -4064.06       6.06759e+13    
0.594595       -4054.05       6.01108e+13    
0.595596       -4044.04       5.95501e+13    
0.596597       -4034.03       5.89938e+13    
0.597598       -4024.02       5.84418e+13    
0.598599       -4014.01       5.78942e+13    
0.5996         -4004          5.73509e+13    
0.600601       -3993.99       5.68119e+13    
0.601602       -3983.98       5.62771e+13    
0.602603       -3973.97       5.57466e+13    
0.603604       -3963.96       5.52204e+13    
0.604605       -3953.95       5.46983e+13    
0.605606       -3943.94       5.41804e+13    
0.606607       -3933.93       5.36667e+13    
0.607608       -3923.92       5.3157e+13     
0.608609       -3913.91       5.26515e+13    
0.60961        -3903.9        5.21501e+13    
0.610611       -3893.89       5.16527e+13    
0.611612       -3883.88       5.11594e+13    
0.612613       -3873.87       5.067e+13      
0.613614       -3863.86       5.01847e+13    
0.614615       -3853.85       4.97033e+13    
0.615616       -3843.84       4.92258e+13    
0.616617       -3833.83       4.87523e+13    
0.617618       -3823.82       4.82826e+13    
0.618619       -3813.81       4.78169e+13    
0.61962        -3803.8        4.73549e+13    
0.620621       -3793.79       4.68968e+13    
0.621622       -3783.78       4.64425e+13    
0.622623       -3773.77       4.5992e+13     
0.623624       -3763.76       4.55452e+13    
0.624625       -3753.75       4.51021e+13    
0.625626       -3743.74       4.46628e+13    
0.626627       -3733.73       4.42271e+13    
0.627628       -3723.72       4.37951e+13    
0.628629       -3713.71       4.33667e+13    
0.62963        -3703.7        4.2942e+13     
0.630631       -3693.69       4.25208e+13    
0.631632       -3683.68       4.21032e+13    
0.632633       -3673.67       4.16892e+13    
0.633634       -3663.66       4.12787e+13    
0.634635       -3653.65       4.08717e+13    
0.635636       -3643.64       4.04681e+13    
0.636637       -3633.63       4.00681e+13    
0.637638       -3623.62       3.96714e+13    
0.638639       -3613.61       3.92782e+13    
0.63964        -3603.6        3.88884e+13    
0.640641       -3593.59       3.85019e+13    
0.641642       -3583.58       3.81188e+13    
0.642643       -3573.57       3.7739e+13     
0.643644       -3563.56       3.73625e+13    
0.644645       -3553.55       3.69893e+13    
0.645646       -3543.54       3.66193e+13    
0.646647       -3533.53       3.62526e+13    
0.647648       -3523.52       3.58891e+13    
0.648649       -3513.51       3.55288e+13    
0.64965        -3503.5        3.51717e+13    
0.650651       -3493.49       3.48177e+13    
0.651652       -3483.48       3.44669e+13    
0.652653       -3473.47       3.41191e+13    
0.653654       -3463.46       3.37745e+13    
0.654655       -3453.45       3.34329e+13    
0.655656       -3443.44       3.30944e+13    
0.656657       -3433.43       3.27589e+13    
0.657658       -3423.42       3.24263e+13    
0.658659       -3413.41       3.20968e+13    
0.65966        -3403.4        3.17703e+13    
0.660661       -3393.39       3.14466e+13    
0.661662       -3383.38       3.11259e+13    
0.662663       -3373.37       3.08081e+13    
0.663664       -3363.36       3.04932e+13    
0.664665       -3353.35       3.01811e+13    
0.665666       -3343.34       2.98719e+13    
0.666667       -3333.33       2.95655e+13    
0.667668       -3323.32       2.92619e+13    
0.668669       -3313.31       2.89611e+13    
0.66967        -3303.3        2.8663e+13     
0.670671       -3293.29       2.83677e+13    
0.671672       -3283.28       2.8075e+13     
0.672673       -3273.27       2.77851e+13    
0.673674       -3263.26       2.74979e+13    
0.674675       -3253.25       2.72133e+13    
0.675676       -3243.24       2.69314e+13    
0.676677       -3233.23       2.66521e+13    
0.677678       -3223.22       2.63754e+13    
0.678679       -3213.21       2.61012e+13    
0.67968        -3203.2        2.58297e+13    
0.680681       -3193.19       2.55607e+13    
0.681682       -3183.18       2.52942e+13    
0.682683       -3173.17       2.50302e+13    
0.683684       -3163.16       2.47687e+13    
0.684685       -3153.15       2.45096e+13    
0.685686       -3143.14       2.42531e+13    
0.686687       -3133.13       2.39989e+13    
0.687688       -3123.12       2.37472e+13    
0.688689       -3113.11       2.34978e+13    
0.68969        -3103.1        2.32509e+13    
0.690691       -3093.09       2.30062e+13    
0.691692       -3083.08       2.2764e+13     
0.692693       -3073.07       2.2524e+13     
0.693694       -3063.06       2.22864e+13    
0.694695       -3053.05       2.2051e+13     
0.695696       -3043.04       2.18179e+13    
0.696697       -3033.03       2.15871e+13    
0.697698       -3023.02       2.13585e+13    
0.698699       -3013.01       2.11321e+13    
0.6997         -3003          2.09079e+13    
0.700701       -2992.99       2.06859e+13    
0.701702       -2982.98       2.04661e+13    
0.702703       -2972.97       2.02484e+13    
0.703704       -2962.96       2.00328e+13    
0.704705       -2952.95       1.98193e+13    
0.705706       -2942.94       1.9608e+13     
0.706707       -2932.93       1.93987e+13    
0.707708       -2922.92       1.91915e+13    
0.708709       -2912.91       1.89863e+13    
0.70971        -2902.9        1.87832e+13    
0.710711       -2892.89       1.8582e+13     
0.711712       -2882.88       1.83829e+13    
0.712713       -2872.87       1.81857e+13    
0.713714       -2862.86       1.79905e+13    
0.714715       -2852.85       1.77973e+13    
0.715716       -2842.84       1.7606e+13     
0.716717       -2832.83       1.74166e+13    
0.717718       -2822.82       1.72291e+13    
0.718719       -2812.81       1.70435e+13    
0.71972        -2802.8        1.68597e+13    
0.720721       -2792.79       1.66778e+13    
0.721722       -2782.78       1.64978e+13    
0.722723       -2772.77       1.63196e+13    
0.723724       -2762.76       1.61431e+13    
0.724725       -2752.75       1.59685e+13    
0.725726       -2742.74       1.57956e+13    
0.726727       -2732.73       1.56245e+13    
0.727728       -2722.72       1.54552e+13    
0.728729       -2712.71       1.52876e+13    
0.72973        -2702.7        1.51217e+13    
0.730731       -2692.69       1.49575e+13    
0.731732       -2682.68       1.4795e+13     
0.732733       -2672.67       1.46341e+13    
0.733734       -2662.66       1.4475e+13     
0.734735       -2652.65       1.43174e+13    
0.735736       -2642.64       1.41615e+13    
0.736737       -2632.63       1.40073e+13    
0.737738       -2622.62       1.38546e+13    
0.738739       -2612.61       1.37035e+13    
0.73974        -2602.6        1.3554e+13     
0.740741       -2592.59       1.3406e+13     
0.741742       -2582.58       1.32596e+13    
0.742743       -2572.57       1.31147e+13    
0.743744       -2562.56       1.29714e+13    
0.744745       -2552.55       1.28295e+13    
0.745746       -2542.54       1.26892e+13    
0.746747       -2532.53       1.25503e+13    
0.747748       -2522.52       1.24129e+13    
0.748749       -2512.51       1.22769e+13    
0.74975        -2502.5        1.21424e+13    
0.750751       -2492.49       1.20093e+13    
0.751752       -2482.48       1.18776e+13    
0.752753       -2472.47       1.17474e+13    
0.753754       -2462.46       1.16185e+13    
0.754755       -2452.45       1.1491e+13     
0.755756       -2442.44       1.13649e+13    
0.756757       -2432.43       1.12401e+13    
0.757758       -2422.42       1.11166e+13    
0.758759       -2412.41       1.09945e+13    
0.75976        -2402.4        1.08737e+13    
0.760761       -2392.39       1.07542e+13    
0.761762       -2382.38       1.0636e+13     
0.762763       -2372.37       1.05191e+13    
0.763764       -2362.36       1.04034e+13    
0.764765       -2352.35       1.0289e+13     
0.765766       -2342.34       1.01759e+13    
0.766767       -2332.33       1.0064e+13     
0.767768       -2322.32       9.95325e+12    
0.768769       -2312.31       9.84376e+12    
0.76977        -2302.3        9.73547e+12    
0.770771       -2292.29       9.62836e+12    
0.771772       -2282.28       9.52243e+12    
0.772773       -2272.27       9.41767e+12    
0.773774       -2262.26       9.31406e+12    
0.774775       -2252.25       9.2116e+12     
0.775776       -2242.24       9.11027e+12    
0.776777       -2232.23       9.01006e+12    
0.777778       -2222.22       8.91096e+12    
0.778779       -2212.21       8.81296e+12    
0.77978        -2202.2        8.71606e+12    
0.780781       -2192.19       8.62023e+12    
0.781782       -2182.18       8.52547e+12    
0.782783       -2172.17       8.43177e+12    
0.783784       -2162.16       8.33912e+12    
0.784785       -2152.15       8.24751e+12    
0.785786       -2142.14       8.15693e+12    
0.786787       -2132.13       8.06736e+12    
0.787788       -2122.12       7.97881e+12    
0.788789       -2112.11       7.89126e+12    
0.78979        -2102.1        7.80469e+12    
0.790791       -2092.09       7.7191e+12     
0.791792       -2082.08       7.63449e+12    
0.792793       -2072.07       7.55083e+12    
0.793794       -2062.06       7.46813e+12    
0.794795       -2052.05       7.38636e+12    
0.795796       -2042.04       7.30553e+12    
0.796797       -2032.03       7.22563e+12    
0.797798       -2022.02       7.14663e+12    
0.798799       -2012.01       7.06855e+12    
0.7998         -2002          6.99135e+12    
0.800801       -1991.99       6.91505e+12    
0.801802       -1981.98       6.83962e+12    
0.802803       -1971.97       6.76507e+12    
0.803804       -1961.96       6.69137e+12    
0.804805       -1951.95       6.61852e+12    
0.805806       -1941.94       6.54652e+12    
0.806807       -1931.93       6.47536e+12    
0.807808       -1921.92       6.40502e+12    
0.808809       -1911.91       6.3355e+12     
0.80981        -1901.9        6.26678e+12    
0.810811       -1891.89       6.19887e+12    
0.811812       -1881.88       6.13176e+12    
0.812813       -1871.87       6.06542e+12    
0.813814       -1861.86       5.99987e+12    
0.814815       -1851.85       5.93508e+12    
0.815816       -1841.84       5.87106e+12    
0.816817       -1831.83       5.80779e+12    
0.817818       -1821.82       5.74527e+12    
0.818819       -1811.81       5.68348e+12    
0.81982        -1801.8        5.62242e+12    
0.820821       -1791.79       5.56209e+12    
0.821822       -1781.78       5.50247e+12    
0.822823       -1771.77       5.44356e+12    
0.823824       -1761.76       5.38535e+12    
0.824825       -1751.75       5.32783e+12    
0.825826       -1741.74       5.271e+12      
0.826827       -1731.73       5.21485e+12    
0.827828       -1721.72       5.15937e+12    
0.828829       -1711.71       5.10456e+12    
0.82983        -1701.7        5.0504e+12     
0.830831       -1691.69       4.99689e+12    
0.831832       -1681.68       4.94402e+12    
0.832833       -1671.67       4.8918e+12     
0.833834       -1661.66       4.8402e+12     
0.834835       -1651.65       4.78923e+12    
0.835836       -1641.64       4.73887e+12    
0.836837       -1631.63       4.68912e+12    
0.837838       -1621.62       4.63998e+12    
0.838839       -1611.61       4.59143e+12    
0.83984        -1601.6        4.54347e+12    
0.840841       -1591.59       4.4961e+12     
0.841842       -1581.58       4.44931e+12    
0.842843       -1571.57       4.40309e+12    
0.843844       -1561.56       4.35743e+12    
0.844845       -1551.55       4.31233e+12    
0.845846       -1541.54       4.26779e+12    
0.846847       -1531.53       4.22379e+12    
0.847848       -1521.52       4.18034e+12    
0.848849       -1511.51       4.13742e+12    
0.84985        -1501.5        4.09503e+12    
0.850851       -1491.49       4.05316e+12    
0.851852       -1481.48       4.01181e+12    
0.852853       -1471.47       3.97098e+12    
0.853854       -1461.46       3.93065e+12    
0.854855       -1451.45       3.89082e+12    
0.855856       -1441.44       3.85149e+12    
0.856857       -1431.43       3.81265e+12    
0.857858       -1421.42       3.77429e+12    
0.858859       -1411.41       3.73641e+12    
0.85986        -1401.4        3.69901e+12    
0.860861       -1391.39       3.66207e+12    
0.861862       -1381.38       3.6256e+12     
0.862863       -1371.37       3.58958e+12    
0.863864       -1361.36       3.55402e+12    
0.864865       -1351.35       3.51891e+12    
0.865866       -1341.34       3.48424e+12    
0.866867       -1331.33       3.45e+12       
0.867868       -1321.32       3.41621e+12    
0.868869       -1311.31       3.38283e+12    
0.86987        -1301.3        3.34989e+12    
0.870871       -1291.29       3.31736e+12    
0.871872       -1281.28       3.28524e+12    
0.872873       -1271.27       3.25353e+12    
0.873874       -1261.26       3.22223e+12    
0.874875       -1251.25       3.19133e+12    
0.875876       -1241.24       3.16082e+12    
0.876877       -1231.23       3.1307e+12     
0.877878       -1221.22       3.10097e+12    
0.878879       -1211.21       3.07162e+12    
0.87988        -1201.2        3.04265e+12    
0.880881       -1191.19       3.01405e+12    
0.881882       -1181.18       2.98582e+12    
0.882883       -1171.17       2.95795e+12    
0.883884       -1161.16       2.93044e+12    
0.884885       -1151.15       2.90329e+12    
0.885886       -1141.14       2.87649e+12    
0.886887       -1131.13       2.85004e+12    
0.887888       -1121.12       2.82393e+12    
0.888889       -1111.11       2.79817e+12    
0.88989        -1101.1        2.77273e+12    
0.890891       -1091.09       2.74763e+12    
0.891892       -1081.08       2.72286e+12    
0.892893       -1071.07       2.69841e+12    
0.893894       -1061.06       2.67428e+12    
0.894895       -1051.05       2.65047e+12    
0.895896       -1041.04       2.62697e+12    
0.896897       -1031.03       2.60378e+12    
0.897898       -1021.02       2.58089e+12    
0.898899       -1011.01       2.55831e+12    
0.8999         -1001          2.53602e+12    
0.900901       -990.991       2.51403e+12    
0.901902       -980.981       2.49233e+12    
0.902903       -970.971       2.47092e+12    
0.903904       -960.961       2.44979e+12    
0.904905       -950.951       2.42894e+12    
0.905906       -940.941       2.40837e+12    
0.906907       -930.931       2.38807e+12    
0.907908       -920.921       2.36804e+12    
0.908909       -910.911       2.34828e+12    
0.90991        -900.901       2.32879e+12    
0.910911       -890.891       2.30955e+12    
0.911912       -880.881       2.29058e+12    
0.912913       -870.871       2.27185e+12    
0.913914       -860.861       2.25338e+12    
0.914915       -850.851       2.23516e+12    
0.915916       -840.841       2.21718e+12    
0.916917       -830.831       2.19945e+12    
0.917918       -820.821       2.18195e+12    
0.918919       -810.811       2.1647e+12     
0.91992        -800.801       2.14767e+12    
0.920921       -790.791       2.13088e+12    
0.921922       -780.781       2.11431e+12    
0.922923       -770.771       2.09797e+12    
0.923924       -760.761       2.08185e+12    
0.924925       -750.751       2.06595e+12    
0.925926       -740.741       2.05027e+12    
0.926927       -730.731       2.0348e+12     
0.927928       -720.721       2.01954e+12    
0.928929       -710.711       2.00449e+12    
0.92993        -700.701       1.98965e+12    
0.930931       -690.691       1.97501e+12    
0.931932       -680.681       1.96058e+12    
0.932933       -670.671       1.94634e+12    
0.933934       -660.661       1.9323e+12     
0.934935       -650.651       1.91845e+12    
0.935936       -640.641       1.90479e+12    
0.936937       -630.631       1.89132e+12    
0.937938       -620.621       1.87804e+12    
0.938939       -610.611       1.86494e+12    
0.93994        -600.601       1.85202e+12    
0.940941       -590.591       1.83929e+12    
0.941942       -580.581       1.82673e+12    
0.942943       -570.571       1.81434e+12    
0.943944       -560.561       1.80213e+12    
0.944945       -550.551       1.79009e+12    
0.945946       -540.541       1.77821e+12    
0.946947       -530.531       1.76651e+12    
0.947948       -520.521       1.75496e+12    
0.948949       -510.511       1.74358e+12    
0.94995        -500.501       1.73236e+12    
0.950951       -490.49        1.7213e+12     
0.951952       -480.48        1.71039e+12    
0.952953       -470.47        1.69963e+12    
0.953954       -460.46        1.68903e+12    
0.954955       -450.45        1.67858e+12    
0.955956       -440.44        1.66827e+12    
0.956957       -430.43        1.65811e+12    
0.957958       -420.42        1.6481e+12     
0.958959       -410.41        1.63823e+12    
0.95996        -400.4         1.62849e+12    
0.960961       -390.39        1.6189e+12     
0.961962       -380.38        1.60944e+12    
0.962963       -370.37        1.60012e+12    
0.963964       -360.36        1.59093e+12    
0.964965       -350.35        1.58187e+12    
0.965966       -340.34        1.57294e+12    
0.966967       -330.33        1.56414e+12    
0.967968       -320.32        1.55547e+12    
0.968969       -310.31        1.54692e+12    
0.96997        -300.3         1.53849e+12    
0.970971       -290.29        1.53019e+12    
0.971972       -280.28        1.522e+12      
0.972973       -270.27        1.51394e+12    
0.973974       -260.26        1.50599e+12    
0.974975       -250.25        1.49815e+12    
0.975976       -240.24        1.49043e+12    
0.976977       -230.23        1.48282e+12    
0.977978       -220.22        1.47532e+12    
0.978979       -210.21        1.46793e+12    
0.97998        -200.2         1.46064e+12    
0.980981       -190.19        1.45347e+12    
0.981982       -180.18        1.44639e+12    
0.982983       -170.17        1.43942e+12    
0.983984       -160.16        1.43256e+12    
0.984985       -150.15        1.42579e+12    
0.985986       -140.14        1.41912e+12    
0.986987       -130.13        1.41255e+12    
0.987988       -120.12        1.40608e+12    
0.988989       -110.11        1.3997e+12     
0.98999        -100.1         1.39342e+12    
0.990991       -90.0901       1.38722e+12    
0.991992       -80.0801       1.38112e+12    
0.992993       -70.0701       1.37511e+12    
0.993994       -60.0601       1.36919e+12    
0.994995       -50.0501       1.36336e+12    
0.995996       -40.04         1.35761e+12    
0.996997       -30.03         1.35195e+12    
0.997998       -20.02         1.34637e+12    
0.998999       -10.01         1.34088e+12    
1              0              1.33546e+12    
