r(cm)          U(V)           Ne(m^-3)       
0              -10000         5.16858e+15    
0.001001       -9993.75       5.1688e+15     
0.002002       -9987.48       5.16958e+15    
0.003003       -9981.21       5.17094e+15    
0.004004       -9974.94       5.17287e+15    
0.00500501     -9968.65       5.17537e+15    
0.00600601     -9962.36       5.17845e+15    
0.00700701     -9956.06       5.18207e+15    
0.00800801     -9949.75       5.18625e+15    
0.00900901     -9943.43       5.19095e+15    
0.01001        -9937.11       5.19616e+15    
0.011011       -9930.78       5.20186e+15    
0.012012       -9924.44       5.20804e+15    
0.013013       -9918.1        5.21465e+15    
0.014014       -9911.74       5.22169e+15    
0.015015       -9905.38       5.22913e+15    
0.016016       -9899.01       5.23695e+15    
0.017017       -9892.64       5.24511e+15    
0.018018       -9886.25       5.2536e+15     
0.019019       -9879.86       5.26239e+15    
0.02002        -9873.46       5.27146e+15    
0.021021       -9867.05       5.28078e+15    
0.022022       -9860.64       5.29034e+15    
0.023023       -9854.22       5.3001e+15     
0.024024       -9847.79       5.31006e+15    
0.025025       -9841.35       5.32019e+15    
0.026026       -9834.9        5.33047e+15    
0.027027       -9828.45       5.3409e+15     
0.028028       -9821.99       5.35144e+15    
0.029029       -9815.52       5.36208e+15    
0.03003        -9809.04       5.37282e+15    
0.031031       -9802.55       5.38363e+15    
0.032032       -9796.06       5.39451e+15    
0.033033       -9789.56       5.40544e+15    
0.034034       -9783.05       5.41641e+15    
0.035035       -9776.53       5.42742e+15    
0.036036       -9770          5.43845e+15    
0.037037       -9763.47       5.4495e+15     
0.038038       -9756.93       5.46056e+15    
0.039039       -9750.38       5.47162e+15    
0.04004        -9743.82       5.48268e+15    
0.041041       -9737.25       5.49373e+15    
0.042042       -9730.68       5.50477e+15    
0.043043       -9724.1        5.51579e+15    
0.044044       -9717.51       5.5268e+15     
0.045045       -9710.91       5.53778e+15    
0.046046       -9704.3        5.54874e+15    
0.047047       -9697.68       5.55968e+15    
0.048048       -9691.06       5.57059e+15    
0.049049       -9684.43       5.58147e+15    
0.0500501      -9677.79       5.59233e+15    
0.0510511      -9671.14       5.60315e+15    
0.0520521      -9664.48       5.61394e+15    
0.0530531      -9657.82       5.62471e+15    
0.0540541      -9651.14       5.63544e+15    
0.0550551      -9644.46       5.64614e+15    
0.0560561      -9637.77       5.6568e+15     
0.0570571      -9631.07       5.66744e+15    
0.0580581      -9624.36       5.67804e+15    
0.0590591      -9617.65       5.68861e+15    
0.0600601      -9610.92       5.69915e+15    
0.0610611      -9604.19       5.70965e+15    
0.0620621      -9597.45       5.72011e+15    
0.0630631      -9590.7        5.73054e+15    
0.0640641      -9583.94       5.74094e+15    
0.0650651      -9577.17       5.7513e+15     
0.0660661      -9570.39       5.76163e+15    
0.0670671      -9563.61       5.77192e+15    
0.0680681      -9556.81       5.78218e+15    
0.0690691      -9550.01       5.79239e+15    
0.0700701      -9543.2        5.80257e+15    
0.0710711      -9536.38       5.81272e+15    
0.0720721      -9529.55       5.82282e+15    
0.0730731      -9522.71       5.83289e+15    
0.0740741      -9515.87       5.84292e+15    
0.0750751      -9509.01       5.85291e+15    
0.0760761      -9502.15       5.86287e+15    
0.0770771      -9495.27       5.87278e+15    
0.0780781      -9488.39       5.88266e+15    
0.0790791      -9481.5        5.89249e+15    
0.0800801      -9474.6        5.90228e+15    
0.0810811      -9467.69       5.91204e+15    
0.0820821      -9460.78       5.92175e+15    
0.0830831      -9453.85       5.93142e+15    
0.0840841      -9446.91       5.94105e+15    
0.0850851      -9439.97       5.95064e+15    
0.0860861      -9433.01       5.96019e+15    
0.0870871      -9426.05       5.96969e+15    
0.0880881      -9419.08       5.97915e+15    
0.0890891      -9412.1        5.98857e+15    
0.0900901      -9405.11       5.99794e+15    
0.0910911      -9398.11       6.00727e+15    
0.0920921      -9391.1        6.01656e+15    
0.0930931      -9384.08       6.0258e+15     
0.0940941      -9377.05       6.03499e+15    
0.0950951      -9370.02       6.04414e+15    
0.0960961      -9362.97       6.05325e+15    
0.0970971      -9355.92       6.06231e+15    
0.0980981      -9348.85       6.07132e+15    
0.0990991      -9341.78       6.08028e+15    
0.1001         -9334.7        6.0892e+15     
0.101101       -9327.6        6.09807e+15    
0.102102       -9320.5        6.10689e+15    
0.103103       -9313.39       6.11567e+15    
0.104104       -9306.27       6.12439e+15    
0.105105       -9299.14       6.13307e+15    
0.106106       -9292          6.1417e+15     
0.107107       -9284.85       6.15028e+15    
0.108108       -9277.7        6.1588e+15     
0.109109       -9270.53       6.16728e+15    
0.11011        -9263.35       6.17571e+15    
0.111111       -9256.16       6.18408e+15    
0.112112       -9248.97       6.1924e+15     
0.113113       -9241.76       6.20068e+15    
0.114114       -9234.55       6.20889e+15    
0.115115       -9227.32       6.21706e+15    
0.116116       -9220.09       6.22517e+15    
0.117117       -9212.84       6.23323e+15    
0.118118       -9205.59       6.24124e+15    
0.119119       -9198.32       6.24919e+15    
0.12012        -9191.05       6.25709e+15    
0.121121       -9183.77       6.26493e+15    
0.122122       -9176.48       6.27272e+15    
0.123123       -9169.17       6.28045e+15    
0.124124       -9161.86       6.28812e+15    
0.125125       -9154.54       6.29574e+15    
0.126126       -9147.21       6.3033e+15     
0.127127       -9139.87       6.31081e+15    
0.128128       -9132.51       6.31825e+15    
0.129129       -9125.15       6.32564e+15    
0.13013        -9117.78       6.33297e+15    
0.131131       -9110.4        6.34024e+15    
0.132132       -9103.01       6.34745e+15    
0.133133       -9095.61       6.3546e+15     
0.134134       -9088.2        6.3617e+15     
0.135135       -9080.78       6.36873e+15    
0.136136       -9073.35       6.3757e+15     
0.137137       -9065.91       6.3826e+15     
0.138138       -9058.45       6.38945e+15    
0.139139       -9050.99       6.39624e+15    
0.14014        -9043.52       6.40296e+15    
0.141141       -9036.04       6.40962e+15    
0.142142       -9028.55       6.41621e+15    
0.143143       -9021.05       6.42274e+15    
0.144144       -9013.54       6.42921e+15    
0.145145       -9006.02       6.43561e+15    
0.146146       -8998.49       6.44195e+15    
0.147147       -8990.95       6.44822e+15    
0.148148       -8983.39       6.45443e+15    
0.149149       -8975.83       6.46057e+15    
0.15015        -8968.26       6.46664e+15    
0.151151       -8960.68       6.47265e+15    
0.152152       -8953.09       6.47859e+15    
0.153153       -8945.49       6.48446e+15    
0.154154       -8937.87       6.49026e+15    
0.155155       -8930.25       6.49599e+15    
0.156156       -8922.62       6.50165e+15    
0.157157       -8914.97       6.50725e+15    
0.158158       -8907.32       6.51277e+15    
0.159159       -8899.66       6.51822e+15    
0.16016        -8891.98       6.5236e+15     
0.161161       -8884.3        6.52891e+15    
0.162162       -8876.6        6.53415e+15    
0.163163       -8868.9        6.53931e+15    
0.164164       -8861.18       6.5444e+15     
0.165165       -8853.45       6.54942e+15    
0.166166       -8845.72       6.55437e+15    
0.167167       -8837.97       6.55924e+15    
0.168168       -8830.21       6.56403e+15    
0.169169       -8822.45       6.56875e+15    
0.17017        -8814.67       6.5734e+15     
0.171171       -8806.88       6.57797e+15    
0.172172       -8799.08       6.58246e+15    
0.173173       -8791.27       6.58687e+15    
0.174174       -8783.45       6.59121e+15    
0.175175       -8775.62       6.59547e+15    
0.176176       -8767.78       6.59965e+15    
0.177177       -8759.93       6.60376e+15    
0.178178       -8752.07       6.60778e+15    
0.179179       -8744.19       6.61172e+15    
0.18018        -8736.31       6.61559e+15    
0.181181       -8728.42       6.61937e+15    
0.182182       -8720.51       6.62307e+15    
0.183183       -8712.6        6.6267e+15     
0.184184       -8704.67       6.63023e+15    
0.185185       -8696.74       6.63369e+15    
0.186186       -8688.79       6.63707e+15    
0.187187       -8680.83       6.64036e+15    
0.188188       -8672.86       6.64357e+15    
0.189189       -8664.88       6.64669e+15    
0.19019        -8656.9        6.64973e+15    
0.191191       -8648.9        6.65269e+15    
0.192192       -8640.88       6.65556e+15    
0.193193       -8632.86       6.65834e+15    
0.194194       -8624.83       6.66104e+15    
0.195195       -8616.79       6.66365e+15    
0.196196       -8608.73       6.66617e+15    
0.197197       -8600.67       6.66861e+15    
0.198198       -8592.6        6.67096e+15    
0.199199       -8584.51       6.67322e+15    
0.2002         -8576.41       6.6754e+15     
0.201201       -8568.31       6.67748e+15    
0.202202       -8560.19       6.67948e+15    
0.203203       -8552.06       6.68138e+15    
0.204204       -8543.92       6.6832e+15     
0.205205       -8535.77       6.68492e+15    
0.206206       -8527.61       6.68656e+15    
0.207207       -8519.44       6.6881e+15     
0.208208       -8511.25       6.68955e+15    
0.209209       -8503.06       6.69091e+15    
0.21021        -8494.86       6.69217e+15    
0.211211       -8486.64       6.69335e+15    
0.212212       -8478.41       6.69443e+15    
0.213213       -8470.18       6.69542e+15    
0.214214       -8461.93       6.69631e+15    
0.215215       -8453.67       6.69711e+15    
0.216216       -8445.4        6.69781e+15    
0.217217       -8437.12       6.69842e+15    
0.218218       -8428.83       6.69893e+15    
0.219219       -8420.53       6.69935e+15    
0.22022        -8412.22       6.69967e+15    
0.221221       -8403.89       6.6999e+15     
0.222222       -8395.56       6.70002e+15    
0.223223       -8387.21       6.70005e+15    
0.224224       -8378.86       6.69999e+15    
0.225225       -8370.49       6.69982e+15    
0.226226       -8362.11       6.69956e+15    
0.227227       -8353.72       6.6992e+15     
0.228228       -8345.32       6.69873e+15    
0.229229       -8336.91       6.69817e+15    
0.23023        -8328.49       6.69751e+15    
0.231231       -8320.05       6.69675e+15    
0.232232       -8311.61       6.69589e+15    
0.233233       -8303.16       6.69493e+15    
0.234234       -8294.69       6.69387e+15    
0.235235       -8286.21       6.6927e+15     
0.236236       -8277.73       6.69143e+15    
0.237237       -8269.23       6.69007e+15    
0.238238       -8260.72       6.68859e+15    
0.239239       -8252.2        6.68702e+15    
0.24024        -8243.67       6.68534e+15    
0.241241       -8235.13       6.68356e+15    
0.242242       -8226.57       6.68168e+15    
0.243243       -8218.01       6.67969e+15    
0.244244       -8209.43       6.6776e+15     
0.245245       -8200.85       6.6754e+15     
0.246246       -8192.25       6.6731e+15     
0.247247       -8183.64       6.67069e+15    
0.248248       -8175.02       6.66818e+15    
0.249249       -8166.39       6.66556e+15    
0.25025        -8157.75       6.66284e+15    
0.251251       -8149.1        6.66001e+15    
0.252252       -8140.44       6.65707e+15    
0.253253       -8131.77       6.65403e+15    
0.254254       -8123.08       6.65088e+15    
0.255255       -8114.39       6.64762e+15    
0.256256       -8105.68       6.64425e+15    
0.257257       -8096.96       6.64078e+15    
0.258258       -8088.23       6.6372e+15     
0.259259       -8079.5        6.63351e+15    
0.26026        -8070.75       6.62971e+15    
0.261261       -8061.98       6.6258e+15     
0.262262       -8053.21       6.62178e+15    
0.263263       -8044.43       6.61766e+15    
0.264264       -8035.64       6.61342e+15    
0.265265       -8026.83       6.60908e+15    
0.266266       -8018.02       6.60462e+15    
0.267267       -8009.19       6.60006e+15    
0.268268       -8000.35       6.59539e+15    
0.269269       -7991.5        6.5906e+15     
0.27027        -7982.64       6.58571e+15    
0.271271       -7973.77       6.5807e+15     
0.272272       -7964.89       6.57558e+15    
0.273273       -7956          6.57036e+15    
0.274274       -7947.1        6.56502e+15    
0.275275       -7938.19       6.55957e+15    
0.276276       -7929.26       6.554e+15      
0.277277       -7920.33       6.54833e+15    
0.278278       -7911.38       6.54255e+15    
0.279279       -7902.42       6.53665e+15    
0.28028        -7893.46       6.53064e+15    
0.281281       -7884.48       6.52452e+15    
0.282282       -7875.49       6.51829e+15    
0.283283       -7866.49       6.51194e+15    
0.284284       -7857.48       6.50548e+15    
0.285285       -7848.45       6.49891e+15    
0.286286       -7839.42       6.49223e+15    
0.287287       -7830.38       6.48544e+15    
0.288288       -7821.32       6.47853e+15    
0.289289       -7812.26       6.47151e+15    
0.29029        -7803.18       6.46437e+15    
0.291291       -7794.1        6.45713e+15    
0.292292       -7785          6.44977e+15    
0.293293       -7775.89       6.4423e+15     
0.294294       -7766.77       6.43471e+15    
0.295295       -7757.64       6.42701e+15    
0.296296       -7748.5        6.4192e+15     
0.297297       -7739.35       6.41128e+15    
0.298298       -7730.19       6.40325e+15    
0.299299       -7721.02       6.3951e+15     
0.3003         -7711.84       6.38684e+15    
0.301301       -7702.64       6.37846e+15    
0.302302       -7693.44       6.36998e+15    
0.303303       -7684.22       6.36138e+15    
0.304304       -7675          6.35267e+15    
0.305305       -7665.76       6.34385e+15    
0.306306       -7656.52       6.33491e+15    
0.307307       -7647.26       6.32587e+15    
0.308308       -7637.99       6.31671e+15    
0.309309       -7628.71       6.30744e+15    
0.31031        -7619.43       6.29806e+15    
0.311311       -7610.13       6.28857e+15    
0.312312       -7600.82       6.27896e+15    
0.313313       -7591.5        6.26925e+15    
0.314314       -7582.17       6.25942e+15    
0.315315       -7572.82       6.24949e+15    
0.316316       -7563.47       6.23944e+15    
0.317317       -7554.11       6.22928e+15    
0.318318       -7544.74       6.21902e+15    
0.319319       -7535.35       6.20864e+15    
0.32032        -7525.96       6.19815e+15    
0.321321       -7516.56       6.18756e+15    
0.322322       -7507.14       6.17685e+15    
0.323323       -7497.72       6.16604e+15    
0.324324       -7488.28       6.15512e+15    
0.325325       -7478.84       6.14409e+15    
0.326326       -7469.38       6.13295e+15    
0.327327       -7459.92       6.12171e+15    
0.328328       -7450.44       6.11036e+15    
0.329329       -7440.95       6.0989e+15     
0.33033        -7431.46       6.08733e+15    
0.331331       -7421.95       6.07566e+15    
0.332332       -7412.43       6.06388e+15    
0.333333       -7402.91       6.052e+15      
0.334334       -7393.37       6.04001e+15    
0.335335       -7383.82       6.02792e+15    
0.336336       -7374.26       6.01572e+15    
0.337337       -7364.69       6.00342e+15    
0.338338       -7355.12       5.99102e+15    
0.339339       -7345.53       5.97851e+15    
0.34034        -7335.93       5.9659e+15     
0.341341       -7326.32       5.95319e+15    
0.342342       -7316.7        5.94038e+15    
0.343343       -7307.08       5.92746e+15    
0.344344       -7297.44       5.91445e+15    
0.345345       -7287.79       5.90133e+15    
0.346346       -7278.13       5.88811e+15    
0.347347       -7268.46       5.8748e+15     
0.348348       -7258.79       5.86139e+15    
0.349349       -7249.1        5.84788e+15    
0.35035        -7239.4        5.83427e+15    
0.351351       -7229.69       5.82056e+15    
0.352352       -7219.97       5.80676e+15    
0.353353       -7210.25       5.79286e+15    
0.354354       -7200.51       5.77887e+15    
0.355355       -7190.76       5.76478e+15    
0.356356       -7181.01       5.7506e+15     
0.357357       -7171.24       5.73632e+15    
0.358358       -7161.46       5.72196e+15    
0.359359       -7151.68       5.7075e+15     
0.36036        -7141.88       5.69294e+15    
0.361361       -7132.08       5.6783e+15     
0.362362       -7122.26       5.66357e+15    
0.363363       -7112.44       5.64875e+15    
0.364364       -7102.61       5.63384e+15    
0.365365       -7092.76       5.61884e+15    
0.366366       -7082.91       5.60376e+15    
0.367367       -7073.05       5.58858e+15    
0.368368       -7063.18       5.57333e+15    
0.369369       -7053.3        5.55798e+15    
0.37037        -7043.41       5.54256e+15    
0.371371       -7033.51       5.52704e+15    
0.372372       -7023.6        5.51145e+15    
0.373373       -7013.68       5.49577e+15    
0.374374       -7003.75       5.48002e+15    
0.375375       -6993.81       5.46418e+15    
0.376376       -6983.87       5.44826e+15    
0.377377       -6973.91       5.43226e+15    
0.378378       -6963.95       5.41619e+15    
0.379379       -6953.97       5.40004e+15    
0.38038        -6943.99       5.38381e+15    
0.381381       -6934          5.3675e+15     
0.382382       -6924          5.35112e+15    
0.383383       -6913.98       5.33467e+15    
0.384384       -6903.96       5.31814e+15    
0.385385       -6893.94       5.30154e+15    
0.386386       -6883.9        5.28486e+15    
0.387387       -6873.85       5.26812e+15    
0.388388       -6863.8        5.25131e+15    
0.389389       -6853.73       5.23443e+15    
0.39039        -6843.66       5.21747e+15    
0.391391       -6833.58       5.20046e+15    
0.392392       -6823.48       5.18337e+15    
0.393393       -6813.38       5.16622e+15    
0.394394       -6803.28       5.149e+15      
0.395395       -6793.16       5.13172e+15    
0.396396       -6783.03       5.11438e+15    
0.397397       -6772.9        5.09697e+15    
0.398398       -6762.75       5.0795e+15     
0.399399       -6752.6        5.06197e+15    
0.4004         -6742.44       5.04438e+15    
0.401401       -6732.27       5.02674e+15    
0.402402       -6722.09       5.00903e+15    
0.403403       -6711.91       4.99127e+15    
0.404404       -6701.71       4.97345e+15    
0.405405       -6691.51       4.95557e+15    
0.406406       -6681.3        4.93764e+15    
0.407407       -6671.08       4.91966e+15    
0.408408       -6660.85       4.90163e+15    
0.409409       -6650.61       4.88354e+15    
0.41041        -6640.36       4.8654e+15     
0.411411       -6630.11       4.84721e+15    
0.412412       -6619.85       4.82898e+15    
0.413413       -6609.58       4.81069e+15    
0.414414       -6599.3        4.79236e+15    
0.415415       -6589.01       4.77398e+15    
0.416416       -6578.72       4.75556e+15    
0.417417       -6568.42       4.73709e+15    
0.418418       -6558.1        4.71858e+15    
0.419419       -6547.79       4.70003e+15    
0.42042        -6537.46       4.68144e+15    
0.421421       -6527.12       4.66281e+15    
0.422422       -6516.78       4.64413e+15    
0.423423       -6506.43       4.62542e+15    
0.424424       -6496.07       4.60667e+15    
0.425425       -6485.7        4.58789e+15    
0.426426       -6475.33       4.56907e+15    
0.427427       -6464.95       4.55021e+15    
0.428428       -6454.56       4.53133e+15    
0.429429       -6444.16       4.51241e+15    
0.43043        -6433.75       4.49345e+15    
0.431431       -6423.34       4.47447e+15    
0.432432       -6412.92       4.45546e+15    
0.433433       -6402.49       4.43642e+15    
0.434434       -6392.05       4.41735e+15    
0.435435       -6381.61       4.39826e+15    
0.436436       -6371.16       4.37914e+15    
0.437437       -6360.7        4.35999e+15    
0.438438       -6350.23       4.34082e+15    
0.439439       -6339.76       4.32163e+15    
0.44044        -6329.28       4.30242e+15    
0.441441       -6318.79       4.28319e+15    
0.442442       -6308.29       4.26394e+15    
0.443443       -6297.79       4.24466e+15    
0.444444       -6287.28       4.22538e+15    
0.445445       -6276.76       4.20607e+15    
0.446446       -6266.24       4.18675e+15    
0.447447       -6255.71       4.16741e+15    
0.448448       -6245.17       4.14806e+15    
0.449449       -6234.62       4.1287e+15     
0.45045        -6224.07       4.10933e+15    
0.451451       -6213.51       4.08994e+15    
0.452452       -6202.94       4.07055e+15    
0.453453       -6192.37       4.05115e+15    
0.454454       -6181.79       4.03174e+15    
0.455455       -6171.2        4.01232e+15    
0.456456       -6160.6        3.9929e+15     
0.457457       -6150          3.97347e+15    
0.458458       -6139.39       3.95404e+15    
0.459459       -6128.78       3.93461e+15    
0.46046        -6118.15       3.91517e+15    
0.461461       -6107.53       3.89574e+15    
0.462462       -6096.89       3.8763e+15     
0.463463       -6086.25       3.85687e+15    
0.464464       -6075.6        3.83743e+15    
0.465465       -6064.94       3.818e+15      
0.466466       -6054.28       3.79858e+15    
0.467467       -6043.61       3.77916e+15    
0.468468       -6032.94       3.75974e+15    
0.469469       -6022.26       3.74034e+15    
0.47047        -6011.57       3.72094e+15    
0.471471       -6000.87       3.70155e+15    
0.472472       -5990.17       3.68216e+15    
0.473473       -5979.47       3.66279e+15    
0.474474       -5968.75       3.64344e+15    
0.475475       -5958.03       3.62409e+15    
0.476476       -5947.31       3.60476e+15    
0.477477       -5936.58       3.58544e+15    
0.478478       -5925.84       3.56613e+15    
0.479479       -5915.09       3.54685e+15    
0.48048        -5904.34       3.52758e+15    
0.481481       -5893.59       3.50833e+15    
0.482482       -5882.82       3.48909e+15    
0.483483       -5872.06       3.46988e+15    
0.484484       -5861.28       3.45069e+15    
0.485485       -5850.5        3.43152e+15    
0.486486       -5839.71       3.41237e+15    
0.487487       -5828.92       3.39324e+15    
0.488488       -5818.12       3.37414e+15    
0.489489       -5807.32       3.35507e+15    
0.49049        -5796.51       3.33602e+15    
0.491491       -5785.7        3.31699e+15    
0.492492       -5774.88       3.298e+15      
0.493493       -5764.05       3.27903e+15    
0.494494       -5753.22       3.26009e+15    
0.495495       -5742.38       3.24118e+15    
0.496496       -5731.53       3.22231e+15    
0.497497       -5720.69       3.20346e+15    
0.498498       -5709.83       3.18465e+15    
0.499499       -5698.97       3.16587e+15    
0.500501       -5688.11       3.14712e+15    
0.501502       -5677.23       3.12841e+15    
0.502503       -5666.36       3.10974e+15    
0.503504       -5655.48       3.0911e+15     
0.504505       -5644.59       3.0725e+15     
0.505506       -5633.7        3.05393e+15    
0.506507       -5622.8        3.03541e+15    
0.507508       -5611.9        3.01692e+15    
0.508509       -5600.99       2.99847e+15    
0.50951        -5590.08       2.98007e+15    
0.510511       -5579.16       2.96171e+15    
0.511512       -5568.23       2.94338e+15    
0.512513       -5557.31       2.9251e+15     
0.513514       -5546.37       2.90687e+15    
0.514515       -5535.43       2.88868e+15    
0.515516       -5524.49       2.87053e+15    
0.516517       -5513.54       2.85243e+15    
0.517518       -5502.59       2.83438e+15    
0.518519       -5491.63       2.81637e+15    
0.51952        -5480.67       2.79841e+15    
0.520521       -5469.7        2.7805e+15     
0.521522       -5458.73       2.76264e+15    
0.522523       -5447.75       2.74483e+15    
0.523524       -5436.77       2.72706e+15    
0.524525       -5425.78       2.70935e+15    
0.525526       -5414.79       2.69169e+15    
0.526527       -5403.79       2.67408e+15    
0.527528       -5392.79       2.65652e+15    
0.528529       -5381.79       2.63902e+15    
0.52953        -5370.78       2.62157e+15    
0.530531       -5359.76       2.60417e+15    
0.531532       -5348.74       2.58683e+15    
0.532533       -5337.72       2.56954e+15    
0.533534       -5326.69       2.55231e+15    
0.534535       -5315.66       2.53514e+15    
0.535536       -5304.62       2.51802e+15    
0.536537       -5293.58       2.50096e+15    
0.537538       -5282.54       2.48396e+15    
0.538539       -5271.49       2.46701e+15    
0.53954        -5260.43       2.45012e+15    
0.540541       -5249.38       2.4333e+15     
0.541542       -5238.31       2.41653e+15    
0.542543       -5227.25       2.39982e+15    
0.543544       -5216.18       2.38317e+15    
0.544545       -5205.1        2.36659e+15    
0.545546       -5194.02       2.35006e+15    
0.546547       -5182.94       2.3336e+15     
0.547548       -5171.85       2.3172e+15     
0.548549       -5160.76       2.30086e+15    
0.54955        -5149.67       2.28458e+15    
0.550551       -5138.57       2.26837e+15    
0.551552       -5127.47       2.25222e+15    
0.552553       -5116.36       2.23614e+15    
0.553554       -5105.25       2.22012e+15    
0.554555       -5094.13       2.20416e+15    
0.555556       -5083.02       2.18827e+15    
0.556557       -5071.89       2.17245e+15    
0.557558       -5060.77       2.15669e+15    
0.558559       -5049.64       2.141e+15      
0.55956        -5038.51       2.12537e+15    
0.560561       -5027.37       2.10981e+15    
0.561562       -5016.23       2.09432e+15    
0.562563       -5005.09       2.07889e+15    
0.563564       -4993.94       2.06353e+15    
0.564565       -4982.79       2.04824e+15    
0.565566       -4971.63       2.03302e+15    
0.566567       -4960.47       2.01787e+15    
0.567568       -4949.31       2.00278e+15    
0.568569       -4938.15       1.98776e+15    
0.56957        -4926.98       1.97282e+15    
0.570571       -4915.81       1.95794e+15    
0.571572       -4904.63       1.94313e+15    
0.572573       -4893.45       1.92839e+15    
0.573574       -4882.27       1.91372e+15    
0.574575       -4871.08       1.89912e+15    
0.575576       -4859.9        1.88459e+15    
0.576577       -4848.7        1.87013e+15    
0.577578       -4837.51       1.85575e+15    
0.578579       -4826.31       1.84143e+15    
0.57958        -4815.11       1.82718e+15    
0.580581       -4803.9        1.81301e+15    
0.581582       -4792.7        1.7989e+15     
0.582583       -4781.49       1.78487e+15    
0.583584       -4770.27       1.77091e+15    
0.584585       -4759.05       1.75702e+15    
0.585586       -4747.83       1.7432e+15     
0.586587       -4736.61       1.72945e+15    
0.587588       -4725.38       1.71578e+15    
0.588589       -4714.16       1.70218e+15    
0.58959        -4702.92       1.68865e+15    
0.590591       -4691.69       1.67519e+15    
0.591592       -4680.45       1.6618e+15     
0.592593       -4669.21       1.64849e+15    
0.593594       -4657.97       1.63525e+15    
0.594595       -4646.72       1.62208e+15    
0.595596       -4635.47       1.60898e+15    
0.596597       -4624.22       1.59595e+15    
0.597598       -4612.96       1.583e+15      
0.598599       -4601.71       1.57012e+15    
0.5996         -4590.44       1.55731e+15    
0.600601       -4579.18       1.54458e+15    
0.601602       -4567.92       1.53192e+15    
0.602603       -4556.65       1.51933e+15    
0.603604       -4545.38       1.50681e+15    
0.604605       -4534.1        1.49437e+15    
0.605606       -4522.83       1.48199e+15    
0.606607       -4511.55       1.46969e+15    
0.607608       -4500.27       1.45747e+15    
0.608609       -4488.98       1.44531e+15    
0.60961        -4477.7        1.43323e+15    
0.610611       -4466.41       1.42122e+15    
0.611612       -4455.12       1.40928e+15    
0.612613       -4443.82       1.39742e+15    
0.613614       -4432.53       1.38562e+15    
0.614615       -4421.23       1.3739e+15     
0.615616       -4409.93       1.36225e+15    
0.616617       -4398.62       1.35067e+15    
0.617618       -4387.32       1.33917e+15    
0.618619       -4376.01       1.32773e+15    
0.61962        -4364.7        1.31637e+15    
0.620621       -4353.39       1.30508e+15    
0.621622       -4342.07       1.29386e+15    
0.622623       -4330.76       1.28271e+15    
0.623624       -4319.44       1.27163e+15    
0.624625       -4308.12       1.26063e+15    
0.625626       -4296.79       1.24969e+15    
0.626627       -4285.47       1.23883e+15    
0.627628       -4274.14       1.22803e+15    
0.628629       -4262.81       1.21731e+15    
0.62963        -4251.48       1.20666e+15    
0.630631       -4240.14       1.19608e+15    
0.631632       -4228.81       1.18556e+15    
0.632633       -4217.47       1.17512e+15    
0.633634       -4206.13       1.16475e+15    
0.634635       -4194.78       1.15445e+15    
0.635636       -4183.44       1.14421e+15    
0.636637       -4172.09       1.13405e+15    
0.637638       -4160.74       1.12395e+15    
0.638639       -4149.39       1.11393e+15    
0.63964        -4138.04       1.10397e+15    
0.640641       -4126.69       1.09408e+15    
0.641642       -4115.33       1.08426e+15    
0.642643       -4103.97       1.07451e+15    
0.643644       -4092.61       1.06483e+15    
0.644645       -4081.25       1.05521e+15    
0.645646       -4069.89       1.04566e+15    
0.646647       -4058.52       1.03618e+15    
0.647648       -4047.16       1.02677e+15    
0.648649       -4035.79       1.01742e+15    
0.64965        -4024.42       1.00814e+15    
0.650651       -4013.04       9.98932e+14    
0.651652       -4001.67       9.89785e+14    
0.652653       -3990.29       9.80705e+14    
0.653654       -3978.92       9.7169e+14     
0.654655       -3967.54       9.62741e+14    
0.655656       -3956.16       9.53858e+14    
0.656657       -3944.77       9.4504e+14     
0.657658       -3933.39       9.36287e+14    
0.658659       -3922          9.27598e+14    
0.65966        -3910.62       9.18974e+14    
0.660661       -3899.23       9.10415e+14    
0.661662       -3887.84       9.01919e+14    
0.662663       -3876.45       8.93487e+14    
0.663664       -3865.05       8.85119e+14    
0.664665       -3853.66       8.76814e+14    
0.665666       -3842.26       8.68572e+14    
0.666667       -3830.86       8.60393e+14    
0.667668       -3819.46       8.52276e+14    
0.668669       -3808.06       8.44222e+14    
0.66967        -3796.66       8.36229e+14    
0.670671       -3785.25       8.28298e+14    
0.671672       -3773.85       8.20429e+14    
0.672673       -3762.44       8.12621e+14    
0.673674       -3751.03       8.04873e+14    
0.674675       -3739.62       7.97187e+14    
0.675676       -3728.21       7.8956e+14     
0.676677       -3716.8        7.81994e+14    
0.677678       -3705.38       7.74488e+14    
0.678679       -3693.97       7.67041e+14    
0.67968        -3682.55       7.59653e+14    
0.680681       -3671.13       7.52325e+14    
0.681682       -3659.72       7.45055e+14    
0.682683       -3648.29       7.37843e+14    
0.683684       -3636.87       7.3069e+14     
0.684685       -3625.45       7.23594e+14    
0.685686       -3614.03       7.16556e+14    
0.686687       -3602.6        7.09575e+14    
0.687688       -3591.17       7.02652e+14    
0.688689       -3579.74       6.95785e+14    
0.68969        -3568.32       6.88974e+14    
0.690691       -3556.88       6.82219e+14    
0.691692       -3545.45       6.7552e+14     
0.692693       -3534.02       6.68877e+14    
0.693694       -3522.59       6.62289e+14    
0.694695       -3511.15       6.55756e+14    
0.695696       -3499.72       6.49277e+14    
0.696697       -3488.28       6.42853e+14    
0.697698       -3476.84       6.36483e+14    
0.698699       -3465.4        6.30166e+14    
0.6997         -3453.96       6.23903e+14    
0.700701       -3442.52       6.17693e+14    
0.701702       -3431.07       6.11536e+14    
0.702703       -3419.63       6.05432e+14    
0.703704       -3408.19       5.99379e+14    
0.704705       -3396.74       5.93379e+14    
0.705706       -3385.29       5.8743e+14     
0.706707       -3373.84       5.81533e+14    
0.707708       -3362.4        5.75686e+14    
0.708709       -3350.94       5.69891e+14    
0.70971        -3339.49       5.64145e+14    
0.710711       -3328.04       5.5845e+14     
0.711712       -3316.59       5.52805e+14    
0.712713       -3305.13       5.47209e+14    
0.713714       -3293.68       5.41663e+14    
0.714715       -3282.22       5.36165e+14    
0.715716       -3270.77       5.30716e+14    
0.716717       -3259.31       5.25315e+14    
0.717718       -3247.85       5.19963e+14    
0.718719       -3236.39       5.14658e+14    
0.71972        -3224.93       5.094e+14      
0.720721       -3213.47       5.0419e+14     
0.721722       -3202.01       4.99026e+14    
0.722723       -3190.54       4.93909e+14    
0.723724       -3179.08       4.88838e+14    
0.724725       -3167.62       4.83813e+14    
0.725726       -3156.15       4.78834e+14    
0.726727       -3144.68       4.739e+14      
0.727728       -3133.22       4.6901e+14     
0.728729       -3121.75       4.64166e+14    
0.72973        -3110.28       4.59366e+14    
0.730731       -3098.81       4.5461e+14     
0.731732       -3087.34       4.49898e+14    
0.732733       -3075.87       4.4523e+14     
0.733734       -3064.4        4.40604e+14    
0.734735       -3052.92       4.36022e+14    
0.735736       -3041.45       4.31482e+14    
0.736737       -3029.98       4.26985e+14    
0.737738       -3018.5        4.22529e+14    
0.738739       -3007.02       4.18115e+14    
0.73974        -2995.55       4.13743e+14    
0.740741       -2984.07       4.09412e+14    
0.741742       -2972.59       4.05122e+14    
0.742743       -2961.11       4.00872e+14    
0.743744       -2949.63       3.96663e+14    
0.744745       -2938.15       3.92494e+14    
0.745746       -2926.67       3.88364e+14    
0.746747       -2915.19       3.84274e+14    
0.747748       -2903.71       3.80223e+14    
0.748749       -2892.23       3.76211e+14    
0.74975        -2880.74       3.72237e+14    
0.750751       -2869.26       3.68302e+14    
0.751752       -2857.78       3.64405e+14    
0.752753       -2846.29       3.60545e+14    
0.753754       -2834.8        3.56723e+14    
0.754755       -2823.32       3.52938e+14    
0.755756       -2811.83       3.49189e+14    
0.756757       -2800.34       3.45478e+14    
0.757758       -2788.85       3.41803e+14    
0.758759       -2777.37       3.38163e+14    
0.75976        -2765.88       3.3456e+14     
0.760761       -2754.39       3.30992e+14    
0.761762       -2742.9        3.27459e+14    
0.762763       -2731.4        3.23962e+14    
0.763764       -2719.91       3.20498e+14    
0.764765       -2708.42       3.1707e+14     
0.765766       -2696.93       3.13675e+14    
0.766767       -2685.43       3.10314e+14    
0.767768       -2673.94       3.06987e+14    
0.768769       -2662.45       3.03693e+14    
0.76977        -2650.95       3.00433e+14    
0.770771       -2639.45       2.97205e+14    
0.771772       -2627.96       2.94009e+14    
0.772773       -2616.46       2.90846e+14    
0.773774       -2604.96       2.87715e+14    
0.774775       -2593.47       2.84616e+14    
0.775776       -2581.97       2.81548e+14    
0.776777       -2570.47       2.78512e+14    
0.777778       -2558.97       2.75506e+14    
0.778779       -2547.47       2.72531e+14    
0.77978        -2535.97       2.69587e+14    
0.780781       -2524.47       2.66673e+14    
0.781782       -2512.97       2.63789e+14    
0.782783       -2501.47       2.60934e+14    
0.783784       -2489.97       2.58109e+14    
0.784785       -2478.46       2.55314e+14    
0.785786       -2466.96       2.52547e+14    
0.786787       -2455.46       2.49809e+14    
0.787788       -2443.95       2.47099e+14    
0.788789       -2432.45       2.44418e+14    
0.78979        -2420.95       2.41765e+14    
0.790791       -2409.44       2.3914e+14     
0.791792       -2397.94       2.36542e+14    
0.792793       -2386.43       2.33971e+14    
0.793794       -2374.92       2.31428e+14    
0.794795       -2363.42       2.28911e+14    
0.795796       -2351.91       2.26421e+14    
0.796797       -2340.4        2.23958e+14    
0.797798       -2328.9        2.2152e+14     
0.798799       -2317.39       2.19109e+14    
0.7998         -2305.88       2.16723e+14    
0.800801       -2294.37       2.14362e+14    
0.801802       -2282.86       2.12027e+14    
0.802803       -2271.35       2.09717e+14    
0.803804       -2259.84       2.07432e+14    
0.804805       -2248.33       2.05171e+14    
0.805806       -2236.82       2.02934e+14    
0.806807       -2225.31       2.00722e+14    
0.807808       -2213.8        1.98533e+14    
0.808809       -2202.29       1.96369e+14    
0.80981        -2190.77       1.94228e+14    
0.810811       -2179.26       1.9211e+14     
0.811812       -2167.75       1.90015e+14    
0.812813       -2156.23       1.87943e+14    
0.813814       -2144.72       1.85893e+14    
0.814815       -2133.21       1.83866e+14    
0.815816       -2121.69       1.81862e+14    
0.816817       -2110.18       1.79879e+14    
0.817818       -2098.66       1.77918e+14    
0.818819       -2087.15       1.75979e+14    
0.81982        -2075.63       1.74061e+14    
0.820821       -2064.12       1.72164e+14    
0.821822       -2052.6        1.70289e+14    
0.822823       -2041.09       1.68434e+14    
0.823824       -2029.57       1.666e+14      
0.824825       -2018.05       1.64786e+14    
0.825826       -2006.54       1.62993e+14    
0.826827       -1995.02       1.61219e+14    
0.827828       -1983.5        1.59466e+14    
0.828829       -1971.98       1.57732e+14    
0.82983        -1960.46       1.56017e+14    
0.830831       -1948.95       1.54322e+14    
0.831832       -1937.43       1.52646e+14    
0.832833       -1925.91       1.50989e+14    
0.833834       -1914.39       1.49351e+14    
0.834835       -1902.87       1.47731e+14    
0.835836       -1891.35       1.4613e+14     
0.836837       -1879.83       1.44546e+14    
0.837838       -1868.31       1.42981e+14    
0.838839       -1856.79       1.41434e+14    
0.83984        -1845.27       1.39904e+14    
0.840841       -1833.75       1.38392e+14    
0.841842       -1822.23       1.36898e+14    
0.842843       -1810.7        1.3542e+14     
0.843844       -1799.18       1.33959e+14    
0.844845       -1787.66       1.32516e+14    
0.845846       -1776.14       1.31089e+14    
0.846847       -1764.62       1.29678e+14    
0.847848       -1753.09       1.28284e+14    
0.848849       -1741.57       1.26906e+14    
0.84985        -1730.05       1.25543e+14    
0.850851       -1718.52       1.24197e+14    
0.851852       -1707          1.22867e+14    
0.852853       -1695.48       1.21552e+14    
0.853854       -1683.95       1.20252e+14    
0.854855       -1672.43       1.18968e+14    
0.855856       -1660.9        1.17698e+14    
0.856857       -1649.38       1.16444e+14    
0.857858       -1637.85       1.15204e+14    
0.858859       -1626.33       1.13979e+14    
0.85986        -1614.8        1.12768e+14    
0.860861       -1603.28       1.11572e+14    
0.861862       -1591.75       1.1039e+14     
0.862863       -1580.23       1.09222e+14    
0.863864       -1568.7        1.08067e+14    
0.864865       -1557.18       1.06927e+14    
0.865866       -1545.65       1.058e+14      
0.866867       -1534.12       1.04686e+14    
0.867868       -1522.6        1.03586e+14    
0.868869       -1511.07       1.02499e+14    
0.86987        -1499.54       1.01425e+14    
0.870871       -1488.02       1.00364e+14    
0.871872       -1476.49       9.93154e+13    
0.872873       -1464.96       9.82797e+13    
0.873874       -1453.43       9.72564e+13    
0.874875       -1441.9        9.62455e+13    
0.875876       -1430.38       9.52468e+13    
0.876877       -1418.85       9.42602e+13    
0.877878       -1407.32       9.32856e+13    
0.878879       -1395.79       9.23228e+13    
0.87988        -1384.26       9.13718e+13    
0.880881       -1372.73       9.04323e+13    
0.881882       -1361.2        8.95043e+13    
0.882883       -1349.68       8.85877e+13    
0.883884       -1338.15       8.76822e+13    
0.884885       -1326.62       8.67879e+13    
0.885886       -1315.09       8.59045e+13    
0.886887       -1303.56       8.5032e+13     
0.887888       -1292.03       8.41703e+13    
0.888889       -1280.5        8.33192e+13    
0.88989        -1268.97       8.24785e+13    
0.890891       -1257.44       8.16483e+13    
0.891892       -1245.91       8.08284e+13    
0.892893       -1234.37       8.00186e+13    
0.893894       -1222.84       7.92189e+13    
0.894895       -1211.31       7.84292e+13    
0.895896       -1199.78       7.76492e+13    
0.896897       -1188.25       7.6879e+13     
0.897898       -1176.72       7.61185e+13    
0.898899       -1165.19       7.53674e+13    
0.8999         -1153.66       7.46258e+13    
0.900901       -1142.12       7.38934e+13    
0.901902       -1130.59       7.31703e+13    
0.902903       -1119.06       7.24562e+13    
0.903904       -1107.53       7.17512e+13    
0.904905       -1096          7.10551e+13    
0.905906       -1084.46       7.03677e+13    
0.906907       -1072.93       6.96891e+13    
0.907908       -1061.4        6.9019e+13     
0.908909       -1049.87       6.83575e+13    
0.90991        -1038.33       6.77043e+13    
0.910911       -1026.8        6.70595e+13    
0.911912       -1015.27       6.64229e+13    
0.912913       -1003.73       6.57944e+13    
0.913914       -992.201       6.51739e+13    
0.914915       -980.667       6.45614e+13    
0.915916       -969.134       6.39568e+13    
0.916917       -957.6         6.33599e+13    
0.917918       -946.066       6.27706e+13    
0.918919       -934.532       6.2189e+13     
0.91992        -922.998       6.16148e+13    
0.920921       -911.464       6.10481e+13    
0.921922       -899.93        6.04886e+13    
0.922923       -888.396       5.99364e+13    
0.923924       -876.861       5.93914e+13    
0.924925       -865.327       5.88534e+13    
0.925926       -853.792       5.83225e+13    
0.926927       -842.258       5.77984e+13    
0.927928       -830.723       5.72811e+13    
0.928929       -819.188       5.67707e+13    
0.92993        -807.653       5.62668e+13    
0.930931       -796.118       5.57696e+13    
0.931932       -784.583       5.52789e+13    
0.932933       -773.047       5.47946e+13    
0.933934       -761.512       5.43167e+13    
0.934935       -749.976       5.3845e+13     
0.935936       -738.441       5.33796e+13    
0.936937       -726.905       5.29203e+13    
0.937938       -715.369       5.24671e+13    
0.938939       -703.834       5.20198e+13    
0.93994        -692.298       5.15785e+13    
0.940941       -680.762       5.1143e+13     
0.941942       -669.225       5.07133e+13    
0.942943       -657.689       5.02894e+13    
0.943944       -646.153       4.9871e+13     
0.944945       -634.617       4.94583e+13    
0.945946       -623.08        4.9051e+13     
0.946947       -611.543       4.86492e+13    
0.947948       -600.007       4.82528e+13    
0.948949       -588.47        4.78616e+13    
0.94995        -576.933       4.74757e+13    
0.950951       -565.396       4.7095e+13     
0.951952       -553.859       4.67195e+13    
0.952953       -542.322       4.63489e+13    
0.953954       -530.785       4.59834e+13    
0.954955       -519.248       4.56228e+13    
0.955956       -507.711       4.52671e+13    
0.956957       -496.173       4.49162e+13    
0.957958       -484.636       4.45701e+13    
0.958959       -473.098       4.42286e+13    
0.95996        -461.561       4.38918e+13    
0.960961       -450.023       4.35596e+13    
0.961962       -438.485       4.32319e+13    
0.962963       -426.948       4.29086e+13    
0.963964       -415.41        4.25898e+13    
0.964965       -403.872       4.22753e+13    
0.965966       -392.334       4.19652e+13    
0.966967       -380.796       4.16593e+13    
0.967968       -369.257       4.13576e+13    
0.968969       -357.719       4.106e+13      
0.96997        -346.181       4.07666e+13    
0.970971       -334.642       4.04771e+13    
0.971972       -323.104       4.01917e+13    
0.972973       -311.565       3.99102e+13    
0.973974       -300.027       3.96326e+13    
0.974975       -288.488       3.93589e+13    
0.975976       -276.949       3.90889e+13    
0.976977       -265.41        3.88227e+13    
0.977978       -253.872       3.85602e+13    
0.978979       -242.333       3.83014e+13    
0.97998        -230.794       3.80461e+13    
0.980981       -219.255       3.77944e+13    
0.981982       -207.715       3.75463e+13    
0.982983       -196.176       3.73016e+13    
0.983984       -184.637       3.70603e+13    
0.984985       -173.098       3.68224e+13    
0.985986       -161.558       3.65878e+13    
0.986987       -150.019       3.63566e+13    
0.987988       -138.479       3.61286e+13    
0.988989       -126.94        3.59038e+13    
0.98999        -115.4         3.56822e+13    
0.990991       -103.86        3.54637e+13    
0.991992       -92.3204       3.52483e+13    
0.992993       -80.7805       3.5036e+13     
0.993994       -69.2406       3.48267e+13    
0.994995       -57.7007       3.46205e+13    
0.995996       -46.1607       3.44176e+13    
0.996997       -34.6206       3.42192e+13    
0.997998       -23.0805       3.40294e+13    
0.998999       -11.5403       3.38632e+13    
1              0              3.37772e+13    
