T(K)      0.0e+00        1.0e-04        5.0e-04        1.0e-03        2.5e-03        5.0e-03        1.0e-02        5.0e-02        1.0e-01        
300       1.18438e-142   1.185e-142     1.18745e-142   1.19052e-142   1.19978e-142   1.21533e-142   1.24694e-142   1.52454e-142   1.93891e-142   
400       4.06374e-129   4.06531e-129   4.07161e-129   4.0795e-129    4.10324e-129   4.14303e-129   4.22348e-129   4.90982e-129   5.87874e-129   
500       1.39431e-115   1.39467e-115   1.39611e-115   1.3979e-115    1.40331e-115   1.41235e-115   1.43053e-115   1.58122e-115   1.78242e-115   
600       4.78401e-102   4.78462e-102   4.78707e-102   4.79013e-102   4.79932e-102   4.81464e-102   4.84533e-102   5.09235e-102   5.40428e-102   
700       1.64144e-88    1.64144e-88    1.64143e-88    1.64141e-88    1.64137e-88    1.6413e-88     1.64115e-88    1.64e-88       1.63857e-88    
800       5.63195e-75    5.63121e-75    5.62825e-75    5.62455e-75    5.61349e-75    5.59513e-75    5.55873e-75    5.28167e-75    4.96811e-75    
900       1.92063e-64    1.91366e-64    1.88618e-64    1.85274e-64    1.75815e-64    1.61784e-64    1.39072e-64    6.88601e-65    4.69807e-65    
1000      5.13251e-56    4.88227e-56    4.05916e-56    3.32893e-56    2.17895e-56    1.46385e-56    9.33378e-57    3.4204e-57     2.64353e-57    
1100      3.98634e-49    2.73637e-49    1.22356e-49    7.67567e-50    3.76149e-50    2.3975e-50     1.76142e-50    8.50549e-51    5.52375e-51    
1200      2.20114e-43    5.96242e-44    1.66052e-44    1.05425e-44    7.01149e-45    5.16176e-45    3.50373e-45    1.31562e-45    7.93197e-46    
1300      1.57944e-38    1.2266e-39     4.64436e-40    3.41735e-40    2.05913e-40    1.34196e-40    8.9964e-41     2.48874e-41    1.29472e-41    
1400      2.27377e-34    7.3677e-36     3.46968e-36    2.31456e-36    1.37588e-36    8.93705e-37    5.21557e-37    1.45076e-37    8.85698e-38    
1500      8.98853e-31    1.89418e-32    7.98729e-33    5.47858e-33    3.08272e-33    1.87457e-33    1.1616e-33     4.2129e-34     2.85756e-34    
1600      1.22219e-27    1.87942e-29    8.02239e-30    5.31924e-30    2.9468e-30     1.92063e-30    1.27524e-30    5.33976e-31    3.75454e-31    
1700      6.65133e-25    8.51986e-27    3.59635e-27    2.36479e-27    1.38798e-27    9.44568e-28    6.52965e-28    2.8905e-28     2.04957e-28    
1800      6.75576e-13    6.75576e-13    6.75576e-13    6.75576e-13    6.75576e-13    6.75576e-13    6.75576e-13    6.75576e-13    6.75576e-13    
1900      4.70529e-11    4.70529e-11    4.70529e-11    4.70529e-11    4.70529e-11    4.70529e-11    4.70529e-11    4.70529e-11    4.70529e-11    
2000      3.28081e-09    3.28081e-09    3.28081e-09    3.28081e-09    3.28081e-09    3.28081e-09    3.28081e-09    3.28081e-09    3.2808e-09     
2100      1.39712e-07    1.39712e-07    1.39712e-07    1.39712e-07    1.39711e-07    1.3971e-07     1.39707e-07    1.3969e-07     1.39672e-07    
2200      3.02858e-06    3.02851e-06    3.02824e-06    3.02791e-06    3.02698e-06    3.0256e-06     3.02333e-06    3.01603e-06    3.01382e-06    
2300      3.6828e-05     3.68014e-05    3.67075e-05    3.66132e-05    3.6431e-05     3.62894e-05    3.61849e-05    3.60757e-05    3.6061e-05     
2400      0.000307139    0.000303459    0.000295772    0.000292284    0.000289299    0.000288093    0.000287455    0.000286946    0.000286851    
2500      0.00198797     0.00180212     0.00168427     0.0016616      0.00164713     0.0016425      0.00163996     0.00163672     0.00163586     
2600      0.0114207      0.0079576      0.00734568     0.00726472     0.00721526     0.0071936      0.00717809     0.00715494     0.0071484      
2700      0.0607326      0.0269524      0.0248859      0.0246123      0.0243868      0.0242681      0.0241765      0.0240342      0.0239965      
2800      0.288593       0.072308       0.0661963      0.0650802      0.0640296      0.0634343      0.0629694      0.0623015      0.0621336      
2900      1.17813        0.164355       0.145407       0.141021       0.136686       0.134259       0.13244        0.129963       0.129351       
3000      4.13627        0.343824       0.28481        0.269607       0.254758       0.246675       0.240778       0.232917       0.231001       
3100      12.7524        0.703611       0.531681       0.486038       0.442235       0.4188         0.402007       0.379786       0.374418       
3200      35.2462        1.4452         0.986363       0.864417       0.748586       0.687416       0.644028       0.586754       0.572979       
3300      88.7265        2.97299        1.84831        1.55103        1.27049        1.12382        1.02032        0.883754       0.850954       
3400      205.894        6.04329        3.48912        2.8177         2.18711        1.85987        1.62945        1.32525        1.25218        
3500      444.776        11.9843        6.56193        5.14261        3.81441        3.12861        2.64606        2.00839        1.85514        
3600      902.08         23.0057        12.1581        9.32721        6.68505        5.32515        4.36826        3.10228        2.79795        
3700      1730.98        42.621         22.0241        16.6598        11.6618        9.09401        7.28652        4.89226        4.31679        
3800      3164.52        76.2218        38.8638        29.1462        20.1015        15.458         12.1878        7.851          6.80927        
3900      5545.97        131.845        66.7478        49.826         34.0831        26.0008        20.3055        12.7446        10.9302        
4000      9367.93        221.184        111.664        83.202         56.7237        43.1227        33.5324        20.789         17.7346        
4100      15321.3        360.918        182.254        135.826        92.6195        70.4055        54.7318        33.8882        28.8989        
4200      24355.6        574.391        290.772        217.061        148.429        113.101        88.1572        54.9634        47.0288        
4300      37752.3        893.811        454.358        340.128        233.698        178.839        140.077        88.4652        76.1449        
4400      57210.6        1362.97        696.67         523.45         361.936        278.559        219.605        141.067        122.345        
4500      84949.4        2040.72        1050           792.429        552.072        427.801        339.866        222.668        194.765        
4600      123823         3005.27        1557.98        1181.75        830.378        648.418        519.564        347.762        306.908        
4700      177455         4359.62        2279.1         1738.43        1233.06        970.93         785.157        537.38         478.526        
4800      250384         6238.11        3290.93        2525.43        1809.33        1437.31        1173.45        821.403        737.867        
4900      348236         8815.86        4696.79        3627.7         2626.86        2106.1         1736.42        1243.07        1126.1         
5000      477896         12316.6        6630.37        5156.01        3774.76        3054.95        2543.54        1860.88        1699.17        
5100      647715         17028.7        9267.69        7257.88        5373.71        4390.35        3691.07        2757.45        2536.43        
5200      867720         23319.4        12837          10126.5        7583.72        6254.68        5308.76        4045.64        3746.77        
5300      1.14985e+06    31659          17637.1        14017.3        10619.5        8840.97        7574.04        5882.04        5481.87        
5400      1.50816e+06    42628.8        24038.8        19248.4        14748.9        12390.5        10709          8463.23        7932.21        
5500      1.95911e+06    56970.6        32526.2        26239.3        20330.6        17229.2        15016.2        12060.3        11361.5        
5600      2.52184e+06    75612.7        43713.4        35525.8        27825.4        23778.3        20887.8        17027.4        16114.6        
5700      3.21844e+06    99798.5        58461.5        47874          37908.6        32664.2        28915.5        23909          22725          
5800      4.07399e+06    130818         77594.9        63993.4        51179.2        44426.8        39596          33145.1        31618.8        
5900      5.11719e+06    170505         102384         85016.3        68635.8        59992.7        53804          45540.1        43583.8        
6000      6.38042e+06    221089         134376         112322         91495.8        80492.1        72606          62075.7        59580.9        
6100      7.89992e+06    285182         175358         147495         121152         107212         97212          83857.8        80690.8        
6200      9.71621e+06    366116         227666         192631         159466         141887         129264         112402         108398         
6300      1.1874e+07     467715         293929         250064         208497         186424         170555         149347         144304         
6400      1.44229e+07    594967         377707         323002         271123         243521         223650         197070         190738         
6500      1.74174e+07    754027         483444         415467         350977         316598         291804         258603         250673         
6600      2.09154e+07    950691         614913         530729         450864         408209         377381         336036         326132         
6700      2.49808e+07    1.19323e+06    777990         674065         575516         522794         484596         433259         420915         
6800      2.96825e+07    1.49152e+06    979748         851842         730652         665734         618565         554998         539640         
6900      3.50929e+07    1.85603e+06    1.22736e+06    1.0704e+06     921860         842223         784176         705680         686607         
7000      4.12905e+07    2.3003e+06     1.53057e+06    1.33852e+06    1.15703e+06    1.05969e+06    988514         891845         868189         
7100      4.83597e+07    2.84151e+06    1.90218e+06    1.66786e+06    1.44682e+06    1.32827e+06    1.2413e+06     1.12257e+06    1.09325e+06    
7200      5.63812e+07    3.49166e+06    2.34915e+06    2.0641e+06     1.79571e+06    1.65183e+06    1.54596e+06    1.40054e+06    1.36427e+06    
7300      6.54457e+07    4.2714e+06     2.88642e+06    2.54069e+06    2.21581e+06    2.04178e+06    1.91339e+06    1.73581e+06    1.69099e+06    
7400      7.56467e+07    5.20396e+06    3.53079e+06    3.11272e+06    2.72069e+06    2.5109e+06     2.35578e+06    2.13957e+06    2.08424e+06    
7500      8.7078e+07     6.31346e+06    4.29912e+06    3.7952e+06     3.32359e+06    3.07153e+06    2.88481e+06    2.62237e+06    2.55416e+06    
7600      9.98411e+07    7.63303e+06    5.21651e+06    4.61107e+06    4.04552e+06    3.74364e+06    3.51972e+06    3.20212e+06    3.11804e+06    
7700      1.1402e+08     9.18133e+06    6.29271e+06    5.56776e+06    4.8917e+06     4.53134e+06    4.26378e+06    3.88075e+06    3.77734e+06    
7800      1.29714e+08    1.09953e+07    7.5549e+06     6.68989e+06    5.88433e+06    5.45556e+06    5.13698e+06    4.67661e+06    4.54961e+06    
7900      1.47015e+08    1.31096e+07    9.02713e+06    7.99872e+06    7.04199e+06    6.53346e+06    6.15544e+06    5.60384e+06    5.44799e+06    
8000      1.66032e+08    1.55841e+07    1.07576e+07    9.53947e+06    8.40697e+06    7.80582e+06    7.35878e+06    6.70005e+06    6.50894e+06    
8100      1.86819e+08    1.8428e+07     1.27434e+07    1.1306e+07     9.96996e+06    9.26166e+06    8.73483e+06    7.95114e+06    7.71761e+06    
8200      2.09457e+08    2.16902e+07    1.50202e+07    1.33304e+07    1.17598e+07    1.0928e+07     1.03092e+07    9.38019e+06    9.09559e+06    
8300      2.3403e+08     2.54312e+07    1.76343e+07    1.56557e+07    1.38158e+07    1.28422e+07    1.21178e+07    1.10201e+07    1.0674e+07     
8400      2.60591e+08    2.96928e+07    2.06133e+07    1.83055e+07    1.61577e+07    1.5022e+07     1.41767e+07    1.28842e+07    1.24643e+07    
8500      2.89216e+08    3.45531e+07    2.40197e+07    2.13386e+07    1.88406e+07    1.75201e+07    1.65368e+07    1.5019e+07     1.45098e+07    
8600      3.19888e+08    4.00112e+07    2.78373e+07    2.47348e+07    2.18402e+07    2.031e+07      1.91701e+07    1.73947e+07    1.67807e+07    
8700      3.52645e+08    4.61394e+07    3.21224e+07    2.85462e+07    2.52047e+07    2.34374e+07    2.21204e+07    2.00505e+07    1.93128e+07    
8800      3.87497e+08    5.29969e+07    3.6918e+07     3.28121e+07    2.89691e+07    2.6935e+07     2.54182e+07    2.30128e+07    2.21295e+07    
8900      4.24472e+08    6.06781e+07    4.23022e+07    3.76064e+07    3.32035e+07    3.08701e+07    2.91287e+07    2.63397e+07    2.52829e+07    
9000      4.63439e+08    6.91363e+07    4.82126e+07    4.2863e+07     3.7838e+07     3.51706e+07    3.31783e+07    2.99585e+07    2.87034e+07    
9100      5.04394e+08    7.84728e+07    5.47348e+07    4.86639e+07    4.29507e+07    3.99121e+07    3.76399e+07    3.3933e+07     3.24478e+07    
9200      5.47224e+08    8.86945e+07    6.18607e+07    5.49978e+07    4.85273e+07    4.50782e+07    4.24958e+07    3.82453e+07    3.64986e+07    
9300      5.91985e+08    9.99963e+07    6.97704e+07    6.20417e+07    5.4741e+07     5.08394e+07    4.7913e+07     4.30468e+07    4.09917e+07    
9400      6.38345e+08    1.122e+08      7.82725e+07    6.96019e+07    6.13961e+07    5.69991e+07    5.3695e+07     4.81505e+07    4.57542e+07    
9500      6.8621e+08     1.25383e+08    8.74312e+07    7.77408e+07    6.85525e+07    6.36154e+07    5.98975e+07    5.36046e+07    5.08275e+07    
9600      7.35499e+08    1.39644e+08    9.73337e+07    8.65439e+07    7.6294e+07     7.07705e+07    6.66009e+07    5.94813e+07    5.62763e+07    
9700      7.8599e+08     1.54955e+08    1.07942e+08    9.59731e+07    8.45813e+07    7.84247e+07    7.37645e+07    6.57393e+07    6.20606e+07    
9800      8.37631e+08    1.71462e+08    1.19392e+08    1.06163e+08    9.35479e+07    8.67097e+07    8.1517e+07     7.24884e+07    6.82708e+07    
9900      8.89981e+08    1.88928e+08    1.31437e+08    1.16869e+08    1.02951e+08    9.53854e+07    8.96216e+07    7.95185e+07    7.47281e+07    
10000     9.42935e+08    2.07449e+08    1.44167e+08    1.28181e+08    1.12882e+08    1.04541e+08    9.81664e+07    8.69054e+07    8.14951e+07    
10100     9.96261e+08    2.26989e+08    1.57539e+08    1.40059e+08    1.23302e+08    1.14141e+08    1.07115e+08    9.46141e+07    8.85391e+07    
10200     1.04982e+09    2.47593e+08    1.71592e+08    1.52545e+08    1.34255e+08    1.24229e+08    1.16514e+08    1.02688e+08    9.59011e+07    
10300     1.10357e+09    2.694e+08      1.8646e+08     1.65775e+08    1.45881e+08    1.34945e+08    1.26498e+08    1.11237e+08    1.03663e+08    
10400     1.15697e+09    2.92012e+08    2.01743e+08    1.79353e+08    1.57791e+08    1.45906e+08    1.36695e+08    1.1995e+08     1.1158e+08     
10500     1.20999e+09    3.15521e+08    2.17529e+08    1.93373e+08    1.70081e+08    1.57209e+08    1.47203e+08    1.28906e+08    1.1971e+08     
10600     1.2626e+09     3.39991e+08    2.3388e+08     2.07901e+08    1.82824e+08    1.6893e+08     1.58096e+08    1.3818e+08     1.28125e+08    
10700     1.31459e+09    3.65265e+08    2.50637e+08    2.22785e+08    1.95873e+08    1.80925e+08    1.69237e+08    1.47652e+08    1.36722e+08    
10800     1.36605e+09    3.91466e+08    2.67926e+08    2.38154e+08    2.09363e+08    1.93331e+08    1.80763e+08    1.57448e+08    1.45617e+08    
10900     1.41711e+09    4.18682e+08    2.85833e+08    2.54101e+08    2.23391e+08    2.06248e+08    1.92771e+08    1.6764e+08     1.54851e+08    
11000     1.4674e+09     4.46479e+08    3.03931e+08    2.70203e+08    2.37545e+08    2.1927e+08     2.04872e+08    1.77931e+08    1.64221e+08    
11100     1.51711e+09    4.7491e+08     3.22277e+08    2.86522e+08    2.51888e+08    2.32465e+08    2.17131e+08    1.88372e+08    1.7376e+08     
11200     1.56649e+09    5.04073e+08    3.40976e+08    3.03165e+08    2.66532e+08    2.45946e+08    2.29662e+08    1.99069e+08    1.83562e+08    
11300     1.61586e+09    5.34046e+08    3.60118e+08    3.20221e+08    2.81571e+08    2.5981e+08     2.42562e+08    2.10113e+08    1.93714e+08    
11400     1.66531e+09    5.64666e+08    3.79555e+08    3.37542e+08    2.96859e+08    2.73912e+08    2.55692e+08    2.21394e+08    2.0413e+08     
11500     1.71524e+09    5.9602e+08     3.99391e+08    3.55226e+08    3.12497e+08    2.88356e+08    2.69154e+08    2.32999e+08    2.14882e+08    
11600     1.76602e+09    6.28115e+08    4.19659e+08    3.73297e+08    3.2851e+08     3.03167e+08    2.82976e+08    2.44981e+08    2.26047e+08    
11700     1.8182e+09     6.61105e+08    4.40536e+08    3.91923e+08    3.45064e+08    3.1851e+08     2.97319e+08    2.57478e+08    2.37737e+08    
11800     1.87246e+09    6.95269e+08    4.62333e+08    4.114e+08      3.6245e+08     3.34668e+08    3.12458e+08    2.70699e+08    2.501e+08      
11900     1.9286e+09     7.29932e+08    4.84414e+08    4.31077e+08    3.80018e+08    3.51004e+08    3.27776e+08    2.84189e+08    2.62842e+08    
12000     1.98756e+09    7.65592e+08    5.07316e+08    4.51472e+08    3.98278e+08    3.68015e+08    3.43755e+08    2.98335e+08    2.76259e+08    
12100     2.04994e+09    8.02339e+08    5.31171e+08    4.727e+08      4.17333e+08    3.85802e+08    3.60494e+08    3.13232e+08    2.90441e+08    
12200     2.1164e+09     8.40385e+08    5.56236e+08    4.95e+08       4.3741e+08     4.04585e+08    3.78206e+08    3.29069e+08    3.05559e+08    
12300     2.18734e+09    8.79621e+08    5.82455e+08    5.18299e+08    4.58421e+08    4.24274e+08    3.96801e+08    3.45774e+08    3.21566e+08    
12400     2.26349e+09    9.20307e+08    6.10137e+08    5.4289e+08     4.80644e+08    4.45137e+08    4.16537e+08    3.63572e+08    3.38659e+08    
12500     2.34539e+09    9.62514e+08    6.39402e+08    5.68881e+08    5.04165e+08    4.67256e+08    4.37492e+08    3.82542e+08    3.56922e+08    
12600     2.43365e+09    1.00641e+09    6.70471e+08    5.96483e+08    5.29173e+08    4.90813e+08    4.59839e+08    4.02833e+08    3.7649e+08     
12700     2.52883e+09    1.05215e+09    7.03543e+08    6.25886e+08    5.55836e+08    5.15967e+08    4.83731e+08    4.2458e+08     3.97491e+08    
12800     2.6316e+09     1.1e+09        7.38922e+08    6.5739e+08     5.84428e+08    5.42984e+08    5.09423e+08    4.48011e+08    4.20127e+08    
12900     2.74224e+09    1.1499e+09     7.76586e+08    6.90969e+08    6.14903e+08    5.7181e+08     5.3686e+08     4.73082e+08    4.44383e+08    
13000     2.86132e+09    1.20211e+09    8.1682e+08     7.26907e+08    6.47521e+08    6.02696e+08    5.6628e+08     4.99998e+08    4.70435e+08    
13100     2.98932e+09    1.25684e+09    8.59854e+08    7.65432e+08    6.8249e+08     6.3584e+08     5.97874e+08    5.28927e+08    4.98443e+08    
13200     3.12647e+09    1.31411e+09    9.05706e+08    8.06567e+08    7.19814e+08    6.7124e+08     6.31639e+08    5.59884e+08    5.28441e+08    
13300     3.2734e+09     1.37439e+09    9.54837e+08    8.5077e+08     7.59932e+08    7.09318e+08    6.67979e+08    5.93199e+08    5.60708e+08    
13400     3.43048e+09    1.43791e+09    1.00746e+09    8.98258e+08    8.03051e+08    7.50269e+08    7.07088e+08    6.29053e+08    5.95412e+08    
13500     3.59814e+09    1.50501e+09    1.06391e+09    9.49362e+08    8.49484e+08    7.94394e+08    7.49248e+08    6.67652e+08    6.32702e+08    
13600     3.77587e+09    1.57518e+09    1.1236e+09     1.00352e+09    8.98669e+08    8.41129e+08    7.93916e+08    7.08609e+08    6.72348e+08    
13700     3.96432e+09    1.64907e+09    1.18716e+09    1.06134e+09    9.51216e+08    8.91066e+08    8.41663e+08    7.52379e+08    7.14703e+08    
13800     4.16379e+09    1.72704e+09    1.25489e+09    1.12314e+09    1.00743e+09    9.44495e+08    8.92774e+08    7.99215e+08    7.59992e+08    
13900     4.37408e+09    1.80899e+09    1.32663e+09    1.18876e+09    1.06714e+09    1.00125e+09    9.47084e+08    8.48979e+08    8.08117e+08    
14000     4.59543e+09    1.89528e+09    1.40267e+09    1.25851e+09    1.13068e+09    1.06164e+09    1.00489e+09    9.01927e+08    8.59301e+08    
14100     4.82787e+09    1.98614e+09    1.48316e+09    1.33255e+09    1.19819e+09    1.1258e+09     1.06633e+09    9.58187e+08    9.13662e+08    
14200     5.07154e+09    2.0819e+09     1.56836e+09    1.41114e+09    1.26995e+09    1.194e+09      1.13166e+09    1.01799e+09    9.71405e+08    
14300     5.32605e+09    2.1824e+09     1.65802e+09    1.49406e+09    1.34574e+09    1.26604e+09    1.20068e+09    1.08116e+09    1.0324e+09     
14400     5.59149e+09    2.28802e+09    1.75245e+09    1.58163e+09    1.42589e+09    1.34221e+09    1.27369e+09    1.14797e+09    1.09688e+09    
14500     5.86788e+09    2.39908e+09    1.85188e+09    1.67409e+09    1.51064e+09    1.42277e+09    1.35093e+09    1.21863e+09    1.16504e+09    
14600     6.15519e+09    2.51586e+09    1.95649e+09    1.77166e+09    1.60023e+09    1.50795e+09    1.43262e+09    1.2933e+09     1.23697e+09    
14700     6.4523e+09     2.63761e+09    2.06545e+09    1.87352e+09    1.69384e+09    1.59697e+09    1.518e+09      1.37144e+09    1.31233e+09    
14800     6.75996e+09    2.76543e+09    2.1798e+09     1.98073e+09    1.79255e+09    1.69087e+09    1.6081e+09     1.45387e+09    1.39176e+09    
14900     7.07735e+09    2.8989e+09     2.299e+09      2.09278e+09    1.89587e+09    1.78917e+09    1.70245e+09    1.54024e+09    1.475e+09      
15000     7.40419e+09    3.03816e+09    2.42314e+09    2.20976e+09    2.00389e+09    1.892e+09      1.80116e+09    1.63062e+09    1.56208e+09    
15100     7.74057e+09    3.18369e+09    2.55263e+09    2.33208e+09    2.11705e+09    1.99978e+09    1.90467e+09    1.72541e+09    1.65335e+09    
15200     8.08554e+09    3.33499e+09    2.68688e+09    2.45919e+09    2.23483e+09    2.112e+09      2.01247e+09    1.82422e+09    1.74853e+09    
15300     8.43905e+09    3.49243e+09    2.82623e+09    2.59141e+09    2.35755e+09    2.22899e+09    2.12491e+09    1.92735e+09    1.84786e+09    
15400     8.80097e+09    3.65633e+09    2.97092e+09    2.72899e+09    2.4855e+09     2.35106e+09    2.24227e+09    2.03505e+09    1.95153e+09    
15500     9.1707e+09     3.82651e+09    3.12074e+09    2.87171e+09    2.61848e+09    2.478e+09      2.36437e+09    2.14718e+09    2.05943e+09    
15600     9.54738e+09    4.00253e+09    3.27521e+09    3.01907e+09    2.75602e+09    2.60939e+09    2.4908e+09     2.26348e+09    2.17145e+09    
15700     9.93127e+09    4.18506e+09    3.43496e+09    3.17169e+09    2.89877e+09    2.74585e+09    2.62219e+09    2.38446e+09    2.28793e+09    
15800     1.03213e+10    4.37347e+09    3.59935e+09    3.32893e+09    3.04609e+09    2.88678e+09    2.75795e+09    2.50967e+09    2.40859e+09    
15900     1.07175e+10    4.56809e+09    3.76868e+09    3.49104e+09    3.19828e+09    3.03248e+09    2.8984e+09     2.6394e+09     2.53363e+09    
16000     1.11195e+10    4.76895e+09    3.94298e+09    3.65804e+09    3.35536e+09    3.183e+09      3.04357e+09    2.77371e+09    2.66313e+09    
16100     1.15273e+10    4.97628e+09    4.12246e+09    3.83011e+09    3.51755e+09    3.33854e+09    3.19371e+09    2.91286e+09    2.79733e+09    
16200     1.19397e+10    5.18936e+09    4.3064e+09     4.00652e+09    3.68411e+09    3.49841e+09    3.3481e+09     3.05624e+09    2.93573e+09    
16300     1.2357e+10     5.40852e+09    4.49513e+09    4.18757e+09    3.85535e+09    3.66292e+09    3.5071e+09     3.2042e+09     3.07865e+09    
16400     1.27799e+10    5.63479e+09    4.68969e+09    4.37427e+09    4.03229e+09    3.83308e+09    3.67167e+09    3.35749e+09    3.22663e+09    
16500     1.32062e+10    5.86607e+09    4.88797e+09    4.56449e+09    4.21282e+09    4.00683e+09    3.83983e+09    3.51465e+09    3.3787e+09     
16600     1.36368e+10    6.10341e+09    5.09101e+09    4.75926e+09    4.39794e+09    4.18518e+09    4.01258e+09    3.67647e+09    3.5354e+09     
16700     1.40715e+10    6.34675e+09    5.29877e+09    4.9585e+09     4.58758e+09    4.36808e+09    4.18985e+09    3.84292e+09    3.69677e+09    
16800     1.45107e+10    6.59639e+09    5.51152e+09    5.1625e+09     4.782e+09      4.55577e+09    4.37192e+09    4.01428e+09    3.86308e+09    
16900     1.49543e+10    6.85226e+09    5.72919e+09    5.37114e+09    4.98107e+09    4.74816e+09    4.55867e+09    4.19042e+09    4.03415e+09    
17000     1.54018e+10    7.11389e+09    5.95128e+09    5.58393e+09    5.1843e+09     4.94476e+09    4.74965e+09    4.37104e+09    4.20989e+09    
17100     1.58538e+10    7.38156e+09    6.17804e+09    5.80112e+09    5.3919e+09     5.1458e+09     4.94508e+09    4.55633e+09    4.39041e+09    
17200     1.63105e+10    7.65547e+09    6.40966e+09    6.02286e+09    5.604e+09      5.3514e+09     5.1451e+09     4.74642e+09    4.57585e+09    
17300     1.67722e+10    7.93561e+09    6.64605e+09    6.24908e+09    5.82052e+09    5.5615e+09     5.34963e+09    4.94127e+09    4.76623e+09    
17400     1.72392e+10    8.22213e+09    6.88735e+09    6.4799e+09     6.04155e+09    5.77617e+09    5.55877e+09    5.14096e+09    4.96162e+09    
17500     1.77121e+10    8.51526e+09    7.13371e+09    6.71546e+09    6.26721e+09    5.99553e+09    5.77262e+09    5.34559e+09    5.16211e+09    
17600     1.81916e+10    8.81553e+09    7.38561e+09    6.95623e+09    6.49794e+09    6.22002e+09    5.99161e+09    5.5555e+09     5.36798e+09    
17700     1.86773e+10    9.12211e+09    7.64214e+09    7.20131e+09    6.73282e+09    6.44871e+09    6.21486e+09    5.77e+09       5.57877e+09    
17800     1.91702e+10    9.43567e+09    7.90389e+09    7.45127e+09    6.97239e+09    6.68215e+09    6.44287e+09    5.98951e+09    5.79477e+09    
17900     1.96709e+10    9.75636e+09    8.17095e+09    7.70619e+09    7.21673e+09    6.92037e+09    6.6757e+09     6.21405e+09    6.01604e+09    
18000     2.01799e+10    1.00844e+10    8.4434e+09     7.96614e+09    7.46588e+09    7.16341e+09    6.91338e+09    6.44364e+09    6.24259e+09    
18100     2.0698e+10     1.042e+10      8.72151e+09    8.23138e+09    7.72007e+09    7.41149e+09    7.15611e+09    6.67846e+09    6.4746e+09     
18200     2.12254e+10    1.07632e+10    9.00504e+09    8.50164e+09    7.97902e+09    7.6643e+09     7.4036e+09     6.91823e+09    6.71177e+09    
18300     2.1763e+10     1.11142e+10    9.29421e+09    8.77716e+09    8.24294e+09    7.92203e+09    7.65602e+09    7.16307e+09    6.95426e+09    
18400     2.23112e+10    1.14732e+10    9.58911e+09    9.05798e+09    8.51187e+09    8.18469e+09    7.91338e+09    7.41298e+09    7.20203e+09    
18500     2.28706e+10    1.18402e+10    9.88978e+09    9.34415e+09    8.78581e+09    8.45228e+09    8.17566e+09    7.66793e+09    7.45503e+09    
18600     2.34415e+10    1.22153e+10    1.0196e+10     9.63545e+09    9.06454e+09    8.72454e+09    8.4426e+09     7.92764e+09    7.71301e+09    
18700     2.40248e+10    1.25989e+10    1.05083e+10    9.93234e+09    9.34848e+09    9.00187e+09    8.7146e+09     8.19246e+09    7.97625e+09    
18800     2.46208e+10    1.29909e+10    1.08264e+10    1.02346e+10    9.63736e+09    9.28398e+09    8.99134e+09    8.46208e+09    8.24446e+09    
18900     2.52299e+10    1.33913e+10    1.11503e+10    1.05421e+10    9.93112e+09    9.57079e+09    9.27274e+09    8.73638e+09    8.51749e+09    
19000     2.58524e+10    1.38e+10       1.148e+10      1.08548e+10    1.02296e+10    9.86216e+09    9.55866e+09    9.01519e+09    8.79516e+09    
19100     2.64884e+10    1.4217e+10     1.18151e+10    1.11726e+10    1.05327e+10    1.01578e+10    9.84881e+09    9.29826e+09    9.07722e+09    
19200     2.71381e+10    1.46419e+10    1.21555e+10    1.14949e+10    1.08398e+10    1.04574e+10    1.01428e+10    9.58516e+09    9.36325e+09    
19300     2.78023e+10    1.50753e+10    1.25016e+10    1.18225e+10    1.11516e+10    1.07613e+10    1.0441e+10     9.87624e+09    9.65345e+09    
19400     2.84807e+10    1.55167e+10    1.2853e+10     1.21546e+10    1.14674e+10    1.1069e+10     1.07429e+10    1.01709e+10    9.94728e+09    
19500     2.91733e+10    1.59657e+10    1.32093e+10    1.24911e+10    1.17869e+10    1.13801e+10    1.10481e+10    1.04688e+10    1.02443e+10    
19600     2.988e+10      1.6422e+10     1.35701e+10    1.28313e+10    1.21096e+10    1.16941e+10    1.13561e+10    1.07694e+10    1.05442e+10    
19700     3.06008e+10    1.68853e+10    1.39352e+10    1.31752e+10    1.24353e+10    1.20108e+10    1.16667e+10    1.10724e+10    1.08464e+10    
19800     3.13354e+10    1.73553e+10    1.43043e+10    1.35224e+10    1.27636e+10    1.23298e+10    1.19794e+10    1.13775e+10    1.11507e+10    
19900     3.20838e+10    1.78314e+10    1.4677e+10     1.38723e+10    1.30939e+10    1.26505e+10    1.22936e+10    1.1684e+10     1.14563e+10    
20000     3.28448e+10    1.83126e+10    1.50522e+10    1.4224e+10     1.34252e+10    1.29718e+10    1.26083e+10    1.19909e+10    1.17624e+10    
20100     3.36194e+10    1.87994e+10    1.54304e+10    1.45779e+10    1.3758e+10     1.32943e+10    1.29241e+10    1.22986e+10    1.20692e+10    
20200     3.44062e+10    1.92904e+10    1.58104e+10    1.49327e+10    1.40909e+10    1.36165e+10    1.32394e+10    1.26058e+10    1.23754e+10    
20300     3.52052e+10    1.97851e+10    1.61919e+10    1.52881e+10    1.44235e+10    1.39382e+10    1.3554e+10     1.2912e+10     1.26807e+10    
20400     3.60163e+10    2.02834e+10    1.65746e+10    1.56439e+10    1.47558e+10    1.42591e+10    1.38676e+10    1.32171e+10    1.29846e+10    
20500     3.68386e+10    2.07841e+10    1.69575e+10    1.5999e+10     1.50866e+10    1.45782e+10    1.41792e+10    1.352e+10      1.32863e+10    
20600     3.76714e+10    2.12863e+10    1.734e+10      1.63527e+10    1.54151e+10    1.48946e+10    1.44879e+10    1.38198e+10    1.35848e+10    
20700     3.85144e+10    2.17894e+10    1.77214e+10    1.67044e+10    1.57408e+10    1.52078e+10    1.47933e+10    1.41161e+10    1.38797e+10    
20800     3.93672e+10    2.22926e+10    1.8101e+10     1.70535e+10    1.6063e+10     1.55171e+10    1.50946e+10    1.44081e+10    1.41702e+10    
20900     4.0229e+10     2.2795e+10     1.8478e+10     1.73991e+10    1.63808e+10    1.58218e+10    1.5391e+10     1.4695e+10     1.44556e+10    
21000     4.10977e+10    2.32941e+10    1.88502e+10    1.77389e+10    1.66921e+10    1.61194e+10    1.56801e+10    1.49747e+10    1.47338e+10    
21100     4.19763e+10    2.37925e+10    1.922e+10      1.80756e+10    1.69992e+10    1.64126e+10    1.59647e+10    1.52493e+10    1.50066e+10    
21200     4.28626e+10    2.42878e+10    1.95853e+10    1.84067e+10    1.73001e+10    1.66991e+10    1.62423e+10    1.55167e+10    1.52722e+10    
21300     4.37562e+10    2.47788e+10    1.9945e+10     1.87316e+10    1.75937e+10    1.6978e+10     1.65122e+10    1.57762e+10    1.55298e+10    
21400     4.4657e+10     2.52653e+10    2.02988e+10    1.90497e+10    1.78799e+10    1.7249e+10     1.6774e+10     1.60274e+10    1.5779e+10     
21500     4.55645e+10    2.57464e+10    2.06459e+10    1.93604e+10    1.81578e+10    1.75115e+10    1.7027e+10     1.62695e+10    1.6019e+10     
21600     4.64786e+10    2.62211e+10    2.09857e+10    1.9663e+10     1.84267e+10    1.77646e+10    1.72704e+10    1.65018e+10    1.62492e+10    
21700     4.73995e+10    2.66895e+10    2.1318e+10     1.99575e+10    1.86867e+10    1.80084e+10    1.75043e+10    1.67243e+10    1.64694e+10    
21800     4.83225e+10    2.71462e+10    2.16376e+10    2.02385e+10    1.89325e+10    1.82378e+10    1.77235e+10    1.69321e+10    1.6675e+10     
21900     4.92552e+10    2.75982e+10    2.19514e+10    2.05132e+10    1.91713e+10    1.84597e+10    1.79351e+10    1.71318e+10    1.68725e+10    
22000     5.01958e+10    2.80431e+10    2.22572e+10    2.07792e+10    1.94007e+10    1.86719e+10    1.81367e+10    1.73213e+10    1.70595e+10    
22100     5.11433e+10    2.84793e+10    2.25534e+10    2.10351e+10    1.96192e+10    1.88729e+10    1.83269e+10    1.74991e+10    1.72348e+10    
22200     5.20983e+10    2.89067e+10    2.284e+10      2.12808e+10    1.98269e+10    1.90628e+10    1.85057e+10    1.76653e+10    1.73984e+10    
22300     5.30612e+10    2.9325e+10     2.31165e+10    2.1516e+10     2.00234e+10    1.92411e+10    1.86727e+10    1.78194e+10    1.75499e+10    
22400     5.40326e+10    2.97343e+10    2.33832e+10    2.17407e+10    2.0209e+10     1.94082e+10    1.88282e+10    1.79617e+10    1.76896e+10    
22500     5.50129e+10    3.01341e+10    2.36394e+10    2.19547e+10    2.03832e+10    1.95635e+10    1.89718e+10    1.80918e+10    1.7817e+10     
22600     5.60032e+10    3.05247e+10    2.38857e+10    2.21581e+10    2.05464e+10    1.97076e+10    1.91038e+10    1.82101e+10    1.79325e+10    
22700     5.70043e+10    3.09065e+10    2.41221e+10    2.23514e+10    2.06988e+10    1.98406e+10    1.92245e+10    1.83167e+10    1.80364e+10    
22800     5.80157e+10    3.1278e+10     2.43474e+10    2.25332e+10    2.08394e+10    1.99613e+10    1.93327e+10    1.84107e+10    1.81275e+10    
22900     5.90408e+10    3.16419e+10    2.45642e+10    2.2706e+10     2.09705e+10    2.00723e+10    1.94309e+10    1.84943e+10    1.82082e+10    
23000     6.00796e+10    3.19977e+10    2.47718e+10    2.28693e+10    2.10916e+10    2.0173e+10     1.95186e+10    1.85671e+10    1.8278e+10     
23100     6.11335e+10    3.23458e+10    2.49706e+10    2.30235e+10    2.12032e+10    2.02638e+10    1.95962e+10    1.86294e+10    1.83373e+10    
23200     6.22026e+10    3.26857e+10    2.51602e+10    2.31681e+10    2.13049e+10    2.03444e+10    1.96632e+10    1.8681e+10     1.83859e+10    
23300     6.32886e+10    3.30184e+10    2.53414e+10    2.33041e+10    2.13976e+10    2.04156e+10    1.97207e+10    1.87227e+10    1.84246e+10    
23400     6.43933e+10    3.3345e+10     2.55153e+10    2.34324e+10    2.14821e+10    2.04784e+10    1.97695e+10    1.87554e+10    1.84542e+10    
23500     6.55176e+10    3.36658e+10    2.5682e+10     2.35534e+10    2.15589e+10    2.05332e+10    1.981e+10      1.87795e+10    1.8475e+10     
23600     6.66625e+10    3.39811e+10    2.58419e+10    2.36672e+10    2.16282e+10    2.058e+10      1.98424e+10    1.87952e+10    1.84875e+10    
23700     6.78284e+10    3.42909e+10    2.59946e+10    2.37736e+10    2.16896e+10    2.06188e+10    1.98664e+10    1.88022e+10    1.84913e+10    
23800     6.9019e+10     3.4598e+10     2.61431e+10    2.38755e+10    2.17461e+10    2.06524e+10    1.9885e+10     1.88035e+10    1.84891e+10    
23900     7.0234e+10     3.49018e+10    2.62865e+10    2.39722e+10    2.17969e+10    2.06799e+10    1.98973e+10    1.87981e+10    1.84804e+10    
24000     7.14752e+10    3.52036e+10    2.6426e+10     2.40647e+10    2.1843e+10     2.07024e+10    1.99045e+10    1.87872e+10    1.8466e+10     
24100     7.27435e+10    3.55036e+10    2.65618e+10    2.41533e+10    2.18848e+10    2.07204e+10    1.99067e+10    1.87711e+10    1.84464e+10    
24200     7.404e+10      3.58029e+10    2.66945e+10    2.42386e+10    2.19228e+10    2.07342e+10    1.99046e+10    1.87504e+10    1.84221e+10    
24300     7.53665e+10    3.61025e+10    2.68254e+10    2.43218e+10    2.1958e+10     2.07451e+10    1.98994e+10    1.87262e+10    1.83941e+10    
24400     7.67237e+10    3.6403e+10     2.69546e+10    2.44031e+10    2.19909e+10    2.07534e+10    1.98912e+10    1.86987e+10    1.83629e+10    
24500     7.81125e+10    3.67049e+10    2.70826e+10    2.4483e+10     2.20217e+10    2.07593e+10    1.98805e+10    1.86683e+10    1.83288e+10    
24600     7.95334e+10    3.70086e+10    2.72094e+10    2.45614e+10    2.20505e+10    2.07629e+10    1.98672e+10    1.86352e+10    1.82918e+10    
24700     8.09897e+10    3.73169e+10    2.73379e+10    2.46411e+10    2.20799e+10    2.07671e+10    1.98542e+10    1.86018e+10    1.82545e+10    
24800     8.24811e+10    3.76297e+10    2.74676e+10    2.47218e+10    2.21097e+10    2.07712e+10    1.98409e+10    1.85679e+10    1.82165e+10    
24900     8.40018e+10    3.79408e+10    2.75922e+10    2.47969e+10    2.21334e+10    2.0769e+10     1.98211e+10    1.85273e+10    1.8172e+10     
25000     8.5566e+10     3.82646e+10    2.77257e+10    2.48805e+10    2.21649e+10    2.07745e+10    1.98086e+10    1.84935e+10    1.8134e+10     
25100     8.7168e+10     3.85952e+10    2.78623e+10    2.49667e+10    2.21984e+10    2.07816e+10    1.97976e+10    1.84608e+10    1.8097e+10     
25200     8.88085e+10    3.89335e+10    2.80024e+10    2.50559e+10    2.22342e+10    2.07908e+10    1.97883e+10    1.84296e+10    1.80614e+10    
25300     9.04883e+10    3.92802e+10    2.81464e+10    2.51485e+10    2.22728e+10    2.08026e+10    1.97814e+10    1.84004e+10    1.80277e+10    
25400     9.2208e+10     3.96362e+10    2.82952e+10    2.5245e+10     2.23149e+10    2.08175e+10    1.97774e+10    1.83737e+10    1.79965e+10    
25500     9.39664e+10    4.00004e+10    2.84472e+10    2.53442e+10    2.23591e+10    2.08342e+10    1.97749e+10    1.83484e+10    1.79666e+10    
25600     9.57673e+10    4.03769e+10    2.86064e+10    2.54498e+10    2.24092e+10    2.08564e+10    1.97777e+10    1.83279e+10    1.79414e+10    
25700     9.761e+10      4.07652e+10    2.8772e+10     2.55609e+10    2.24643e+10    2.08833e+10    1.97849e+10    1.83115e+10    1.79201e+10    
25800     9.94945e+10    4.11656e+10    2.8944e+10     2.56777e+10    2.25245e+10    2.09149e+10    1.97966e+10    1.82993e+10    1.79029e+10    
25900     1.01421e+11    4.15787e+10    2.91227e+10    2.58001e+10    2.25901e+10    2.09515e+10    1.98131e+10    1.82915e+10    1.78901e+10    
26000     1.0339e+11     4.20058e+10    2.9309e+10     2.59293e+10    2.26618e+10    2.09939e+10    1.98351e+10    1.82889e+10    1.78823e+10    
26100     1.05402e+11    4.2447e+10     2.9503e+10     2.6065e+10     2.27397e+10    2.1042e+10     1.98626e+10    1.82915e+10    1.78796e+10    
26200     1.07456e+11    4.2903e+10     2.97049e+10    2.62077e+10    2.28241e+10    2.10962e+10    1.9896e+10     1.82996e+10    1.78823e+10    
26300     1.09553e+11    4.33748e+10    2.99154e+10    2.63578e+10    2.29157e+10    2.1157e+10     1.99359e+10    1.83139e+10    1.78911e+10    
26400     1.11692e+11    4.38614e+10    3.01333e+10    2.65144e+10    2.30131e+10    2.12234e+10    1.99811e+10    1.83331e+10    1.79047e+10    
26500     1.13875e+11    4.4366e+10     3.03614e+10    2.668e+10      2.31193e+10    2.12979e+10    2.00343e+10    1.836e+10      1.79258e+10    
26600     1.161e+11      4.48878e+10    3.05988e+10    2.68536e+10    2.3233e+10     2.13796e+10    2.00945e+10    1.83935e+10    1.79534e+10    
26700     1.18368e+11    4.54277e+10    3.08459e+10    2.70359e+10    2.33549e+10    2.14691e+10    2.01622e+10    1.84342e+10    1.79881e+10    
26800     1.20678e+11    4.59859e+10    3.11028e+10    2.72268e+10    2.34849e+10    2.15663e+10    2.02375e+10    1.84821e+10    1.80298e+10    
26900     1.2303e+11     4.6563e+10     3.13696e+10    2.74265e+10    2.36233e+10    2.16714e+10    2.03206e+10    1.85374e+10    1.80788e+10    
27000     1.25423e+11    4.71591e+10    3.16464e+10    2.7635e+10     2.37699e+10    2.17844e+10    2.04113e+10    1.86e+10       1.81349e+10    
27100     1.27857e+11    4.77753e+10    3.19338e+10    2.78529e+10    2.39254e+10    2.1906e+10     2.05104e+10    1.86705e+10    1.81989e+10    
27200     1.30331e+11    4.84114e+10    3.22317e+10    2.80801e+10    2.40895e+10    2.20359e+10    2.06176e+10    1.87489e+10    1.82705e+10    
27300     1.32844e+11    4.90683e+10    3.25403e+10    2.8317e+10     2.42627e+10    2.21745e+10    2.07333e+10    1.88353e+10    1.83501e+10    
27400     1.35396e+11    4.97457e+10    3.28594e+10    2.85631e+10    2.44445e+10    2.23215e+10    2.08573e+10    1.89296e+10    1.84374e+10    
27500     1.37985e+11    5.04433e+10    3.31885e+10    2.8818e+10     2.46344e+10    2.24764e+10    2.09889e+10    1.90312e+10    1.85319e+10    
27600     1.40613e+11    5.11639e+10    3.35301e+10    2.90841e+10    2.48348e+10    2.26417e+10    2.11306e+10    1.91425e+10    1.86359e+10    
27700     1.43276e+11    5.19063e+10    3.38827e+10    2.93602e+10    2.50445e+10    2.2816e+10     2.12812e+10    1.92623e+10    1.87483e+10    
27800     1.45975e+11    5.26709e+10    3.42466e+10    2.96464e+10    2.52634e+10    2.29995e+10    2.14408e+10    1.93906e+10    1.8869e+10     
27900     1.48708e+11    5.34572e+10    3.46214e+10    2.99422e+10    2.54913e+10    2.31918e+10    2.16088e+10    1.95271e+10    1.89978e+10    
28000     1.51473e+11    5.42665e+10    3.5008e+10     3.02486e+10    2.5729e+10     2.33939e+10    2.17865e+10    1.96727e+10    1.91356e+10    
28100     1.54271e+11    5.50986e+10    3.5406e+10     3.05651e+10    2.59761e+10    2.36054e+10    2.19733e+10    1.9827e+10     1.9282e+10     
28200     1.57099e+11    5.59535e+10    3.58155e+10    3.0892e+10     2.62328e+10    2.38263e+10    2.21693e+10    1.99902e+10    1.94371e+10    
28300     1.59956e+11    5.68313e+10    3.62365e+10    3.1229e+10     2.64988e+10    2.40566e+10    2.23746e+10    2.01622e+10    1.96008e+10    
28400     1.6284e+11     5.77321e+10    3.66689e+10    3.15761e+10    2.67743e+10    2.42964e+10    2.2589e+10     2.0343e+10     1.97732e+10    
28500     1.6575e+11     5.86557e+10    3.71125e+10    3.19332e+10    2.70591e+10    2.45454e+10    2.28125e+10    2.05324e+10    1.99542e+10    
28600     1.68685e+11    5.96026e+10    3.75677e+10    3.23007e+10    2.73535e+10    2.48041e+10    2.30455e+10    2.0731e+10     2.0144e+10     
28700     1.71633e+11    6.05624e+10    3.80242e+10    3.26681e+10    2.76473e+10    2.50621e+10    2.32777e+10    2.09285e+10    2.03331e+10    
28800     1.74612e+11    6.15553e+10    3.8502e+10     3.30555e+10    2.79604e+10    2.53395e+10    2.35291e+10    2.11446e+10    2.05403e+10    
28900     1.7761e+11     6.25711e+10    3.8991e+10     3.34529e+10    2.82829e+10    2.56263e+10    2.37897e+10    2.13695e+10    2.07562e+10    
29000     1.80626e+11    6.36098e+10    3.94912e+10    3.38602e+10    2.86148e+10    2.59225e+10    2.40595e+10    2.16033e+10    2.09808e+10    
29100     1.83658e+11    6.46713e+10    4.00023e+10    3.42773e+10    2.8956e+10     2.6228e+10     2.43385e+10    2.18459e+10    2.12141e+10    
29200     1.86704e+11    6.57553e+10    4.05244e+10    3.4704e+10     2.93064e+10    2.65426e+10    2.46266e+10    2.20972e+10    2.1456e+10     
29300     1.89761e+11    6.68602e+10    4.10556e+10    3.51387e+10    2.96645e+10    2.68649e+10    2.49222e+10    2.23557e+10    2.1705e+10     
29400     1.92829e+11    6.79892e+10    4.15991e+10    3.55846e+10    3.00333e+10    2.7198e+10     2.52285e+10    2.26244e+10    2.19642e+10    
29500     1.95905e+11    6.91402e+10    4.21533e+10    3.604e+10      3.04113e+10    2.75401e+10    2.55438e+10    2.29019e+10    2.22319e+10    
29600     1.98988e+11    7.03131e+10    4.27177e+10    3.65045e+10    3.07983e+10    2.78912e+10    2.5868e+10     2.31879e+10    2.25081e+10    
29700     2.02076e+11    7.15077e+10    4.32923e+10    3.69783e+10    3.11942e+10    2.82512e+10    2.62011e+10    2.34825e+10    2.27926e+10    
29800     2.05165e+11    7.27237e+10    4.38769e+10    3.7461e+10     3.1599e+10     2.862e+10      2.65428e+10    2.37855e+10    2.30856e+10    
29900     2.08256e+11    7.39608e+10    4.44714e+10    3.79526e+10    3.20125e+10    2.89975e+10    2.68933e+10    2.40969e+10    2.33869e+10    
30000     2.11344e+11    7.52188e+10    4.50754e+10    3.8453e+10     3.24347e+10    2.93835e+10    2.72523e+10    2.44167e+10    2.36964e+10    
